163
2 441 499 
2 423 498 
2 420 497 
2 369 496 
2 333 495 
2 286 494 
2 252 493 
2 197 492 
2 196 491 
2 190 490 
2 97 489 
2 93 488 
2 35 487 
2 28 486 
2 482 474 
2 326 478 
2 300 484 
2 165 483 
2 47 476 
2 33 475 
2 12 469 
2 454 468 
2 421 462 
2 330 452 
2 322 451 
2 315 448 
2 306 445 
2 299 443 
2 256 463 
2 21 434 
2 14 459 
2 1 424 
2 414 352 
2 352 387 
2 334 310 
2 212 358 
2 189 371 
2 154 409 
2 86 396 
2 17 266 
2 7 455 
2 495 410 
2 484 158 
2 462 52 
2 410 298 
2 337 350 
2 319 329 
3 301 472 461 
2 213 156 
2 182 147 
3 170 429 471 
2 158 279 
2 156 231 
2 141 292 
2 120 219 
3 73 388 433 
3 72 362 473 
3 64 288 485 
3 11 405 428 
3 475 155 470 
3 463 258 466 
2 452 376 
3 451 360 467 
3 448 324 449 
3 434 0 418 
3 376 210 481 
3 329 108 465 
3 310 412 400 
3 298 221 460 
3 264 234 477 
3 261 394 403 
3 234 430 356 
3 221 439 422 
3 210 166 457 
3 166 397 284 
3 155 38 456 
3 113 5 404 
3 111 175 440 
3 52 385 453 
3 48 240 353 
3 38 20 447 
3 0 419 218 
3 499 15 444 
4 498 442 399 407 
3 455 438 302 
3 445 277 307 
4 439 367 401 435 
4 430 437 450 383 
4 419 273 392 431 
4 409 336 294 411 
3 405 271 364 
3 396 391 348 
3 387 320 13 
4 385 328 278 416 
3 367 181 115 
3 360 283 159 
3 356 193 160 
4 320 375 251 355 
4 311 236 249 395 
3 288 345 214 
3 273 268 19 
4 258 235 177 413 
4 249 427 289 374 
3 240 187 325 
3 236 208 217 
3 219 276 90 
4 208 384 259 343 
4 199 225 347 398 
3 193 61 198 
4 187 201 282 339 
4 181 230 274 390 
4 175 121 363 377 
4 147 139 365 340 
3 61 180 71 
4 60 163 185 359 
4 34 18 136 393 
4 20 263 267 335 
4 19 242 295 316 
4 15 149 372 313 
4 5 351 245 386 
4 474 192 188 132 
4 472 203 361 109 
4 459 123 65 458 
4 447 117 6 281 
4 444 105 153 116 
4 442 55 172 25 
4 438 91 207 80 
4 437 10 244 308 
4 429 162 247 200 
4 424 23 446 349 
4 422 99 373 296 
4 412 24 3 291 
4 397 31 425 174 
4 388 8 304 69 
4 364 378 204 95 
4 351 341 164 56 
4 348 432 152 124 
4 345 89 79 480 
4 328 269 237 148 
4 294 379 285 16 
4 276 280 107 50 
4 263 233 138 59 
4 242 226 119 41 
4 218 332 151 81 
4 214 144 100 27 
4 201 128 78 389 
4 163 254 106 354 
4 149 195 76 321 
4 90 186 114 40 
4 65 112 44 479 
4 55 104 70 32 
4 23 29 464 370 
4 13 129 406 357 
4 3 92 366 323 
4 494 66 426 314 
4 460 101 346 290 
4 450 54 382 344 
4 446 46 338 287 
4 432 381 318 275 
4 401 45 36 342 
4 395 26 417 317 
4 390 22 312 303 
4 377 415 309 293 
