2500
4 5357 5121 8148 6404 
4 5121 421 5913 8785 
4 8148 5583 2589 6255 
4 6404 9906 3629 6584 
4 421 3987 7710 7529 
4 2589 1737 5231 2094 
4 5913 4386 9487 5796 
4 6255 6735 8197 2584 
4 5583 1756 998 2395 
4 9906 8754 6655 8873 
4 8785 6312 59 2861 
4 3629 7444 7262 6632 
4 6584 7923 7569 7704 
4 7710 9612 5515 2489 
4 1737 8452 398 5905 
4 3987 7796 6459 8407 
4 7529 9004 820 1729 
4 5231 604 1248 7064 
4 4386 9354 7549 9483 
4 2094 8603 5744 4449 
4 9487 8733 8189 8437 
4 5796 4848 5886 3904 
4 6735 9213 9529 4233 
4 8197 6839 1524 4100 
4 1756 6823 4318 4574 
4 8754 3626 9620 9383 
4 2584 8479 6476 7108 
4 998 1287 3697 5416 
4 2395 4004 9131 847 
4 6655 3015 2155 1492 
4 6312 2545 370 5427 
4 2861 4041 9247 2222 
4 59 973 5363 4644 
4 7923 1396 4863 453 
4 7569 4631 2061 9618 
4 7704 2752 7792 7168 
4 5515 3135 2843 5570 
4 9612 6668 2687 44 
4 7444 8284 461 8004 
4 6632 3505 7100 8854 
4 8873 2117 8775 8591 
4 7262 1561 9765 1385 
4 8452 3295 8287 674 
4 7796 6640 2932 4036 
4 5905 1423 5616 3273 
4 398 3715 7936 5918 
4 8407 2345 3420 2096 
4 1729 1677 9813 6639 
4 820 1556 5090 2331 
4 6459 2935 2598 5251 
4 604 6762 4147 8689 
4 9004 6756 8384 1081 
4 1248 4695 8119 1388 
4 7549 666 1114 3825 
4 7064 5592 9959 5001 
4 4848 948 6196 6613 
4 8603 7525 5211 9888 
4 5886 9818 5989 132 
4 8189 864 683 8240 
4 9529 5526 4106 9128 
4 9354 4473 3484 7369 
4 8437 3942 7863 4670 
4 9213 8911 7515 7577 
4 6839 8320 936 5052 
4 4449 8585 2459 8777 
4 1524 4194 2246 9256 
4 4318 3149 5083 752 
4 5744 7819 962 371 
4 4574 2819 8392 2212 
4 9483 8837 2723 7950 
4 4100 2968 7368 2728 
4 6823 8991 7290 7208 
4 4233 876 8814 7939 
4 3904 9894 110 4090 
4 8479 3457 4808 9614 
4 7108 2196 8641 9267 
4 3626 2064 63 281 
4 5416 684 3176 3656 
4 9620 9019 7101 714 
4 1287 8636 2499 6240 
4 6476 5791 1101 2548 
4 2545 5602 3024 3678 
4 9383 5651 4916 1491 
4 4004 7259 1013 839 
4 3697 7834 4405 3765 
4 1396 2475 7945 6170 
4 9131 7198 1071 1233 
4 5427 7937 5945 3302 
4 4041 5048 4961 2008 
4 2061 1115 6677 9965 
4 973 8152 2124 3795 
4 370 4685 1004 7104 
4 3015 4579 5042 4702 
4 847 3272 3647 9986 
4 9247 7927 7135 384 
4 4863 2141 9295 6782 
4 4644 1214 854 1164 
4 2155 5101 1341 4957 
4 7792 8058 336 5773 
4 6668 4430 2115 2070 
4 4631 6495 5214 6381 
4 3135 1734 5046 7961 
4 2222 8639 7540 7201 
4 1492 4509 818 2080 
4 9618 3499 1707 3463 
4 7168 49 7896 7825 
4 5363 4917 1146 976 
4 2752 2922 8063 6176 
4 2843 9307 2558 5295 
4 2687 4964 7409 6107 
4 44 443 4788 9568 
4 453 7313 1830 6702 
4 8284 7202 4886 5653 
4 2117 3047 7757 82 
4 7100 4983 2274 5772 
4 1561 8612 5713 3940 
4 8775 3792 7595 7305 
4 3505 4135 3096 5982 
4 461 4874 9305 636 
4 9765 6252 3607 1988 
4 4036 3293 2964 7516 
4 3295 8338 1851 4925 
4 1423 2727 9433 3896 
4 8287 8608 2228 8485 
4 2932 3566 7136 4406 
4 8854 887 1353 7543 
4 8004 4322 6168 3228 
4 6640 4240 8322 5310 
4 1385 3309 71 8116 
4 8591 6550 7551 7 
4 5616 1210 9129 1203 
4 3715 6935 1955 4185 
4 2345 4940 7145 1671 
4 5918 5625 9527 1322 
4 2096 8745 594 5383 
4 9813 9866 9795 7359 
4 6639 1812 1450 7326 
4 3420 4167 3437 4141 
4 674 4235 2456 5219 
4 7936 7579 47 8465 
4 5090 8851 4637 3114 
4 1556 9552 1713 3042 
4 5251 766 1094 5873 
4 4695 3142 4074 4131 
4 2935 2259 8803 3686 
4 2331 9539 5652 532 
4 666 2686 1742 1050 
4 6762 9690 9 3844 
4 3825 5006 4655 4561 
4 2598 4657 3072 2962 
4 9959 7583 8387 1934 
4 1677 9263 4374 7083 
4 6756 7231 9525 5494 
4 4147 8553 7715 3357 
4 1114 4102 723 9235 
4 1081 4475 727 8250 
4 5001 2481 6129 7088 
4 5592 4847 3196 4112 
4 8689 9917 62 1895 
4 8384 9532 2982 7032 
4 8119 2293 9063 8736 
4 9818 7447 2759 7196 
4 7525 2736 6178 6957 
4 6196 9196 3519 3337 
4 1388 7648 1946 4320 
4 5989 213 954 5904 
4 864 1591 8010 9119 
4 6613 1568 4076 5777 
4 4106 859 8332 7308 
4 948 8375 6611 2045 
4 683 5163 6882 4912 
4 9888 9946 8767 4619 
4 5526 6547 2749 9966 
4 3942 1724 9106 2342 
4 8911 2726 3155 4402 
4 8320 1418 3689 2652 
4 9128 8193 5172 6913 
4 5211 2340 2828 8644 
4 5083 4995 6558 6567 
4 4473 9747 992 4638 
4 4194 2060 7451 586 
4 3149 2544 8478 3757 
4 8585 7725 1433 4490 
4 7369 8626 3170 850 
4 5052 3672 9542 4139 
4 8777 9576 7494 1621 
4 7515 3775 8601 120 
4 2819 5729 7851 5686 
4 2459 7643 2085 2642 
4 936 3648 9344 3542 
4 7819 6038 5931 6534 
4 4670 201 3781 8397 
4 2968 6571 774 403 
4 132 3257 7814 2628 
4 7577 4550 7464 4244 
4 3484 3889 8138 2862 
4 2246 1763 8233 6134 
4 8814 2870 5156 2323 
4 8240 7545 8186 9713 
4 7863 676 4058 3112 
4 876 7148 3708 3593 
4 7939 4150 9302 2300 
4 2723 2795 2036 5081 
4 7368 9559 8865 8267 
4 8837 8997 7862 6537 
4 752 3376 8115 2213 
4 9256 9151 7079 328 
4 8991 3475 8259 9275 
4 8392 1383 446 9900 
4 110 6927 7673 9873 
4 7950 8187 4959 18 
4 7290 2814 4044 7445 
4 7208 2308 4390 4480 
4 3176 6467 9528 58 
4 7101 8242 3451 5845 
4 2728 3840 5366 1936 
4 2196 3869 3583 6050 
4 371 7703 8616 2160 
4 8636 7316 1839 7166 
4 684 778 5609 1049 
4 9267 6171 6147 1160 
4 8641 5096 8506 1711 
4 4808 8849 11 8430 
4 2212 8079 2243 6359 
4 281 9243 2313 333 
4 5791 2305 2123 3913 
4 6240 9320 3842 7267 
4 2499 2267 7944 8167 
4 63 3526 654 9514 
4 9614 245 9605 8367 
4 5602 8094 5540 6123 
4 7259 5324 2023 2203 
4 4090 1136 7726 9374 
4 3656 1552 8101 4284 
4 2475 5359 4837 7385 
4 714 7008 9921 5136 
4 9019 2920 3126 2282 
4 2064 8509 2985 3950 
4 1101 5854 2535 9942 
4 5651 7522 706 4498 
4 4916 3106 1509 6300 
4 7834 9289 373 3253 
4 3678 8701 8286 7466 
4 1013 9784 4551 8036 
4 1491 7953 687 2944 
4 839 6777 2817 5209 
4 7945 65 6842 6580 
4 5048 6481 6060 3632 
4 3765 3745 4902 1845 
4 3024 3899 3083 6582 
4 2548 9340 9722 1427 
4 6170 8348 8026 7050 
4 7198 7922 7026 6989 
4 4961 1767 2718 9732 
4 4405 1231 7756 4151 
4 9965 2674 177 5665 
4 5945 9856 6985 8563 
4 1115 4690 5919 9111 
4 1071 3618 2572 5600 
4 1004 6313 4965 8721 
4 7937 9283 3229 9778 
4 4685 463 3002 251 
4 3302 5622 1096 6638 
4 2124 1996 8834 2994 
4 1233 7700 780 1359 
4 4579 593 9691 9649 
4 8152 8697 7920 4516 
4 3795 8346 8047 2941 
4 3272 4582 6329 6602 
4 9986 9366 8253 2364 
4 5042 7212 4352 1817 
4 9295 9252 7209 1357 
4 7104 745 522 4951 
4 6677 6316 9779 6363 
4 2141 1336 8477 1861 
4 384 4137 1085 9443 
4 7927 717 9751 2112 
4 2070 2009 6477 2571 
4 2008 5962 103 565 
4 1734 2619 3485 8839 
4 7135 3356 9123 1372 
4 6782 2802 2351 257 
4 5101 5909 2647 6 
4 4702 709 2905 8811 
4 6495 6426 645 9154 
4 5773 5891 3443 4259 
4 854 3368 9124 2095 
4 8058 9365 8199 6994 
4 4430 67 1976 332 
4 2115 1340 5793 7119 
4 1707 7629 4351 7330 
4 1214 3089 4134 214 
4 1164 2536 3379 7911 
4 336 9546 9363 7671 
4 7540 171 8947 9806 
4 7201 4293 1510 5544 
4 5046 1701 9585 8200 
4 4957 1344 3496 4477 
4 2080 7981 1787 7489 
4 8639 8614 8529 1202 
4 7409 8751 4884 8003 
4 5214 9629 6415 8501 
4 4917 5492 4867 8915 
4 4788 3214 2162 1740 
4 2922 9325 4357 60 
4 2558 5593 1564 8163 
4 443 3062 9511 4222 
4 8063 750 5244 1820 
4 7896 7934 9968 4557 
4 1341 8923 2957 4727 
4 7825 5239 9930 8835 
4 5653 6956 6914 4977 
4 3499 7391 321 5330 
4 7202 5149 9962 3308 
4 6702 1001 1717 7057 
4 976 877 188 6666 
4 49 9166 7613 1505 
4 9307 3730 7677 6342 
4 6381 9974 6297 8990 
4 4886 8658 8651 5332 
4 1830 5991 5970 5518 
4 1146 1975 8779 5733 
4 6176 2575 1351 4331 
4 4509 5236 4696 8431 
4 818 1800 9550 2776 
4 4983 9545 9426 296 
4 82 8040 1249 8168 
4 8612 1364 5529 4717 
4 6107 4711 7415 924 
4 5295 1883 1747 7210 
4 3792 1965 2265 4572 
4 7757 7344 3120 7439 
4 7595 5758 8449 7972 
4 5772 3750 7647 5683 
4 3047 9341 5028 5131 
4 5982 6188 631 9397 
4 4874 2509 4415 5488 
4 4135 9569 7153 8607 
4 3940 4161 9271 2245 
4 3607 6042 5835 2043 
4 3096 5808 3473 6738 
4 2727 1522 9419 6616 
4 5713 7699 5074 1061 
4 2274 1714 6419 5728 
4 2228 3655 96 9952 
4 9305 6627 1743 7824 
4 8338 791 8418 1673 
4 6252 8579 3087 902 
4 3896 767 3845 55 
4 2964 2573 7250 797 
4 3566 8056 8866 7524 
4 3228 3579 6144 1636 
4 1353 6273 9853 7567 
4 636 6742 3167 5720 
4 8608 8470 3306 8548 
4 8485 197 301 1200 
4 7136 4870 773 4200 
4 1210 3223 2089 2952 
4 5310 5155 1523 4960 
4 887 264 9572 4861 
4 7543 8132 6226 1508 
4 6168 6336 9566 4367 
4 4240 9626 8702 3834 
4 3293 9048 6377 8671 
4 1851 2809 6410 9797 
4 9433 8625 9718 3978 
4 8322 3830 3137 8659 
4 7516 6192 2055 7155 
4 4925 1889 6309 385 
4 4406 3557 9250 1810 
4 71 3870 1178 1948 
4 1988 8487 8183 5553 
4 9129 7436 7748 4524 
4 8745 1228 3271 6058 
4 6935 1476 1998 3905 
4 1203 278 4649 5610 
4 9866 6747 730 5375 
4 7551 4079 2353 2612 
4 4940 9689 2486 9843 
4 1671 5864 8707 1483 
4 5625 4600 3791 8940 
4 9795 3673 6578 5476 
4 7145 6769 5170 8204 
4 9527 407 283 9746 
4 4185 6384 4043 875 
4 7 5308 3001 9755 
4 8116 9507 7118 6662 
4 5383 3944 2000 3857 
4 3437 3 6198 7253 
4 7579 7302 8297 915 
4 5219 7412 4607 9265 
4 4131 8172 836 1912 
4 47 85 6483 7880 
4 8465 9871 7443 4179 
4 7326 4527 8683 7978 
4 3114 1429 432 4532 
4 2456 8670 4706 3375 
4 1450 6010 3367 3997 
4 1322 6028 9078 8677 
4 594 6981 263 6146 
4 9552 5803 8453 7095 
4 4167 9695 4469 3278 
4 7359 6012 3028 2927 
4 4637 1140 2912 8722 
4 4235 5207 884 7617 
4 2259 1587 6370 6320 
4 3142 1040 6110 1853 
4 3042 7696 8929 1821 
4 9 5203 1720 464 
4 7231 995 3022 9908 
4 1713 634 8692 3728 
4 766 5849 7618 4565 
4 5652 8964 1073 1681 
4 5006 3508 1708 5785 
4 4655 7103 1253 5197 
4 1742 513 8442 7296 
4 9690 2585 6757 3885 
4 9539 5174 7319 8328 
4 7583 1224 3248 8932 
4 3686 6498 4439 4883 
4 1934 3362 2939 3518 
4 532 7861 7603 8466 
4 5873 1378 8524 1526 
4 7715 4474 1037 9464 
4 5494 2877 7759 4361 
4 4561 1116 3877 9880 
4 4074 8750 7536 1923 
4 2962 6444 6296 9359 
4 9263 3736 4617 8895 
4 4657 4786 3892 2627 
4 3844 3561 1684 4307 
4 8553 1117 1152 2488 
4 3072 1484 3511 4871 
4 2481 559 3037 5278 
4 727 8956 1571 4521 
4 7083 5902 4038 137 
4 1895 5462 9599 8874 
4 6957 520 1542 4292 
4 6129 7870 2798 6220 
4 4475 8637 5823 5941 
4 4112 2937 916 7678 
4 9917 6656 9961 6367 
4 9532 7178 6605 4975 
4 9235 1154 7823 6389 
4 8387 7463 5839 1726 
4 8250 2592 5547 9907 
4 7447 9425 9197 1712 
4 4102 9849 4946 3107 
4 3357 6965 5441 1361 
4 2759 6231 6577 172 
4 7088 56 17 1261 
4 4374 5998 7238 2600 
4 2982 3853 8527 7041 
4 62 9769 5705 174 
4 8736 3544 7215 5563 
4 7196 1833 970 7740 
4 2736 846 7130 5325 
4 2293 5341 3055 7363 
4 8332 4668 9350 5503 
4 3519 7255 3969 9741 
4 1946 9984 3516 5548 
4 3196 2185 6938 844 
4 954 2566 8363 5250 
4 8375 529 1570 9168 
4 7648 2368 6540 3746 
4 7308 5378 145 3050 
4 7032 5446 4663 6752 
4 213 760 9092 8714 
4 9946 4604 1122 2106 
4 9196 1601 3769 7518 
4 8010 10 923 6856 
4 4320 6715 8516 9014 
4 859 8931 6526 1430 
4 9063 1765 208 3134 
4 6547 451 525 912 
4 5163 4731 7149 4093 
4 2045 1234 1827 9450 
4 1591 2716 9895 7778 
4 6882 297 688 9121 
4 5777 5151 556 6364 
4 4076 1487 6205 5899 
4 2726 5579 5118 7218 
4 1724 738 164 5649 
4 1418 6583 5271 3104 
4 8767 1197 2766 7624 
4 7725 6266 8239 4491 
4 6611 2407 9182 2165 
4 5904 8081 2295 6133 
4 4619 6396 117 139 
4 3337 9597 8044 3540 
4 2342 4627 7558 4990 
4 9106 5017 6451 7499 
4 3689 5013 8673 9214 
4 2652 8833 7346 5948 
4 850 9161 1648 7983 
4 4402 2007 5574 9390 
4 2340 3258 1589 2804 
4 9119 1963 6052 628 
4 5172 926 7839 211 
4 3155 2221 8198 5056 
4 2544 2484 8161 5627 
4 9966 9246 5007 2848 
4 4995 2309 6149 8824 
4 4912 2649 8650 3691 
4 4638 7152 8293 3674 
4 4490 4230 5875 1015 
4 1433 8617 1010 6721 
4 9747 9594 2125 6680 
4 6558 8059 642 7278 
4 3672 480 9776 9135 
4 3170 4126 2127 8247 
4 2642 2879 2555 2811 
4 1621 7204 87 2590 
4 3775 1825 4859 9588 
4 3648 7318 2836 8609 
4 2749 3828 9719 3029 
4 2085 7692 6623 5879 
4 586 3608 1847 6731 
4 9576 7151 7375 6645 
4 9344 9490 8305 3239 
4 8626 6215 656 9471 
4 5729 6102 1866 9286 
4 201 3677 7954 8653 
4 120 1876 3276 8652 
4 7851 4555 2538 9580 
4 7494 6036 1464 7752 
4 7451 6157 3932 8606 
4 6913 3973 4650 2872 
4 6534 5487 6193 931 
4 5686 1735 6256 3692 
4 3781 289 1056 9414 
4 3542 597 900 7888 
4 7643 206 6350 2226 
4 4139 4170 1943 178 
4 3257 5824 9852 9499 
4 2828 2516 1311 6443 
4 8478 1620 3808 4671 
4 6571 6703 9276 1159 
4 8397 3480 8434 5513 
4 8138 8134 5815 5981 
4 7148 1856 9382 1393 
4 6567 28 8578 6111 
4 5931 6685 8468 4573 
4 4550 1819 4792 5061 
4 774 6531 2999 9241 
4 7814 9407 6741 3895 
4 7545 4522 3132 4496 
4 7464 3891 3573 3527 
4 5156 834 2697 5559 
4 2628 7764 1632 6206 
4 9542 5058 3092 2190 
4 8186 6152 1205 8258 
4 3593 8537 1129 9637 
4 2323 151 9238 8342 
4 1763 8684 5094 590 
4 6134 2732 9799 1994 
4 4244 1260 6306 7475 
4 2870 4933 7105 4725 
4 2862 8967 4054 7777 
4 676 7875 6228 1884 
4 328 1877 6984 9748 
4 7862 1718 7542 1888 
4 6537 307 124 1642 
4 3475 7512 1874 6053 
4 3376 53 4989 9714 
4 3112 7734 9761 589 
4 2795 9864 4091 2705 
4 9713 290 4442 7286 
4 9275 7413 6676 8035 
4 9151 2091 4814 3297 
4 8997 4055 4997 3980 
4 2308 236 7610 4857 
4 2300 142 2428 5418 
4 18 9675 4692 2241 
4 9559 4611 9165 4661 
4 8865 7884 1562 2490 
4 8187 9730 253 5644 
4 7079 7361 6557 1837 
4 6927 6628 5517 4865 
4 6467 9326 9376 7993 
4 4959 4774 9602 7219 
4 58 8907 4703 4875 
4 5081 5710 8032 5371 
4 4390 2020 1704 6849 
4 2814 6651 9976 2854 
4 2213 4636 2887 7003 
4 1383 6155 4066 1445 
4 9900 7659 4187 8423 
4 8242 4592 6932 4506 
4 8233 7090 2765 648 
4 5366 9530 2565 4716 
4 8115 7406 540 4904 
4 3869 3912 9523 3839 
4 3840 4381 3558 898 
4 3708 6827 5235 9896 
4 3451 7526 7841 7662 
4 4480 1282 5794 4926 
4 9528 3924 5671 7074 
4 7703 5044 1023 6365 
4 7445 4363 9016 6976 
4 6171 6326 5916 2461 
4 6147 3945 2400 735 
4 5609 3654 7382 5530 
4 1711 6380 4410 9650 
4 8849 6733 8176 2254 
4 7673 4656 5020 4771 
4 3842 362 2320 1440 
4 2123 3553 6794 7594 
4 778 3802 3422 3531 
4 446 8241 7037 9922 
4 9873 8123 5474 4773 
4 9320 4089 1595 909 
4 9243 9368 5205 1471 
4 8079 5035 4559 3567 
4 2305 1339 2806 9453 
4 2267 6366 7683 2457 
4 2160 7733 1598 210 
4 1936 6289 4064 8019 
4 1839 3498 8333 4879 
4 1049 1467 9988 7768 
4 11 1723 8861 9456 
4 8094 6673 6436 8597 
4 3583 7356 2375 3906 
4 8430 534 5898 8938 
4 8101 358 1533 404 
4 5096 2006 2081 7914 
4 4837 7374 2783 6857 
4 3126 7432 147 6361 
4 2313 1406 9220 2907 
4 654 5389 8715 4412 
4 245 8432 6800 9848 
4 6359 1332 5336 8889 
4 6123 6988 960 6528 
4 6050 6076 689 8648 
4 2023 1584 5178 3582 
4 1552 6778 6514 5355 
4 333 9468 4495 7821 
4 9514 7943 3882 9879 
4 7944 4478 489 4720 
4 7267 5551 8376 6490 
4 5359 3760 622 9561 
4 3913 9043 7818 5633 
4 1509 7419 737 7249 
4 5324 146 8153 7310 
4 5136 4011 2381 1422 
4 4284 5489 4375 7230 
4 3950 33 7426 3914 
4 2985 5457 8898 7785 
4 8509 9361 3323 6784 
4 7726 4766 2462 4639 
4 8286 3704 5086 2874 
4 8036 7592 5856 8894 
4 7953 6340 2401 5901 
4 7385 8150 9072 8043 
4 4551 3718 9703 9192 
4 2944 5869 3617 8823 
4 7008 9726 7917 7534 
4 6777 3595 2389 4026 
4 6580 1021 8845 7530 
4 6300 3145 9122 3299 
4 4902 1609 6870 9684 
4 2282 4057 9631 2398 
4 373 7175 6016 2260 
4 9784 3244 3983 3153 
4 7522 4452 6208 1529 
4 6842 1922 396 7013 
4 4498 8325 198 8425 
4 3745 150 9971 4953 
4 3106 6585 9143 1952 
4 2535 8954 7990 5865 
4 706 5085 2129 3352 
4 6481 5461 8299 5776 
4 3899 8679 5255 835 
4 3632 3559 7770 5380 
4 3618 5467 7116 8746 
4 1845 635 9828 6466 
4 1231 9429 1512 5724 
4 7922 39 1930 1886 
4 3253 5522 5832 9222 
4 2817 6834 8712 2191 
4 2674 4907 947 7221 
4 65 5920 3966 1090 
4 8348 4202 9183 9221 
4 6060 7454 8682 8519 
4 5665 5556 804 7010 
4 2203 7966 3075 5531 
4 9722 3749 7596 4640 
4 9283 3985 3129 32 
4 8701 1822 7480 4823 
4 6989 6202 3371 3188 
4 6985 9802 7689 359 
4 5600 512 6649 170 
4 4690 9667 8238 45 
4 2718 9062 6184 7956 
4 9732 9606 3564 5615 
4 7700 9549 4704 3011 
4 463 9091 4016 1347 
4 8026 4124 6421 7876 
4 7756 711 6811 5047 
4 2994 4467 4208 2134 
4 593 149 1761 2148 
4 9111 5908 3339 678 
4 8346 1507 9734 2924 
4 5919 5896 9868 5566 
4 4965 6724 8632 6446 
4 4151 8276 3811 1100 
4 3083 3136 3428 9459 
4 1359 7964 1256 6264 
4 9691 2707 6243 5451 
4 8721 6705 6574 2343 
4 8697 7809 3322 5584 
4 8047 2167 849 6203 
4 7050 2277 9173 8263 
4 6582 4887 7970 5756 
4 4516 7220 6700 8517 
4 2941 8562 8264 3694 
4 2572 6873 9573 2198 
4 1996 9096 7186 3991 
4 780 3641 300 7984 
4 9649 7731 4514 4465 
4 8834 5939 471 6637 
4 7212 611 2495 2467 
4 6313 313 9752 3020 
4 3229 8196 8908 9328 
4 1357 0 2024 1382 
4 9252 9978 9210 6596 
4 8253 6160 6553 5164 
4 6329 1908 4335 1047 
4 2619 6248 5954 3724 
4 9778 3121 6903 2672 
4 2364 8027 9891 9299 
4 1085 6681 9583 8222 
4 745 7975 8752 8133 
4 9366 4708 6017 6522 
4 7209 5277 5947 2875 
4 5962 6726 5657 4340 
4 4951 9987 2278 1181 
4 3485 1174 4992 6942 
4 1372 1199 1044 2337 
4 1336 4659 7386 2983 
4 522 4949 6659 6112 
4 9779 8801 5166 4511 
4 9443 6015 7424 5860 
4 8839 7425 1157 9038 
4 6363 3818 5362 5040 
4 6316 8711 7521 2062 
4 4582 7727 3681 5449 
4 3356 5240 4215 6648 
4 2802 9996 9068 8202 
4 2009 5721 8143 5813 
4 717 9633 2506 1569 
4 6602 5836 3127 3412 
4 6477 3226 8863 5536 
4 4351 433 9836 6246 
4 2112 7384 1106 1179 
4 1861 5763 1616 3894 
4 709 2367 1593 1411 
4 251 541 708 4456 
4 2647 6719 2601 9721 
4 5909 8210 3203 5173 
4 5891 6022 8413 6478 
4 2351 6351 562 8160 
4 9154 3031 8667 7509 
4 9123 4790 1381 6864 
4 8199 3563 355 2296 
4 7119 7500 9920 9768 
4 3443 2025 1668 4286 
4 2905 6492 4419 608 
4 9124 3517 6275 6051 
4 7629 8696 2702 5157 
4 4259 5496 6713 1840 
4 3089 7555 1400 825 
4 1340 514 9486 8864 
4 645 4052 1751 7877 
4 257 5730 8336 4958 
4 6 8828 4742 530 
4 8751 204 8810 3105 
4 8614 5198 3657 5368 
4 7981 4188 8031 7633 
4 7671 8876 4359 4206 
4 214 2120 6280 6960 
4 171 968 3972 889 
4 9585 9935 3004 2159 
4 9325 3596 8139 2954 
4 7330 2329 7924 2578 
4 6415 919 456 8006 
4 3379 8977 3330 2437 
4 2095 7751 9028 9995 
4 1510 2033 9198 1409 
4 332 8454 4858 9600 
4 9806 1535 3926 4228 
4 9629 5872 4092 955 
4 9546 3235 1768 8215 
4 8947 6263 1321 465 
4 7911 1843 9269 7729 
4 7489 70 6964 5082 
4 4477 4943 1012 7995 
4 4293 6576 9187 9332 
4 3496 4801 234 9446 
4 1701 8089 97 6008 
4 1344 240 5751 9716 
4 5593 9418 8919 9086 
4 5239 4000 1062 2193 
4 3308 3809 2604 5606 
4 3214 9519 3311 4046 
4 60 1640 7397 2977 
4 9968 1744 6161 500 
4 8923 620 9699 6097 
4 8501 2661 270 8401 
4 6666 431 1475 9538 
4 5544 2746 9201 5208 
4 4557 8137 4301 3939 
4 2957 1939 7457 439 
4 1820 6698 5986 1750 
4 9974 978 9767 6003 
4 9511 7614 9584 2949 
4 8835 7663 372 4942 
4 8529 1980 430 9398 
4 6914 9431 2514 4796 
4 5149 1330 131 4534 
4 1717 6890 673 8180 
4 877 3956 3344 9656 
4 750 2786 1036 5191 
4 8003 2072 8822 5245 
4 7934 6844 5994 6809 
4 6956 2762 2713 4798 
4 5733 7170 6835 6121 
4 5518 9944 8447 136 
4 5244 2632 7407 3590 
4 5236 1259 6824 9036 
4 4222 2772 5482 2102 
4 1975 4221 885 8568 
4 1740 8252 4502 8037 
4 6342 2694 6137 6352 
4 6297 1519 24 6463 
4 5991 6761 6565 2595 
4 5332 8326 4777 7586 
4 4711 4104 1318 956 
4 8651 8435 7881 5752 
4 7613 2399 1546 4400 
4 4977 7991 3060 1961 
4 2776 1796 7895 6887 
4 1564 3212 183 8859 
4 1351 3370 5666 9075 
4 321 2074 3280 7674 
4 9166 9855 4783 8383 
4 7677 9413 2881 9083 
4 2575 4238 1279 5732 
4 1364 4635 4387 2903 
4 924 7461 1649 7554 
4 8431 7800 1694 6197 
4 8040 37 2953 2596 
4 7415 86 6972 6450 
4 4696 3793 2207 7362 
4 4331 4358 457 8314 
4 3750 7724 6302 9035 
4 9962 2297 4839 1538 
4 7344 3052 2210 4399 
4 7153 2891 7471 9137 
4 5970 7812 3543 602 
4 5758 4248 4595 1755 
4 5529 7320 9094 1983 
4 4572 8815 9047 8930 
4 3120 5897 7094 4596 
4 2245 3364 5168 9215 
4 1965 3822 9009 6448 
4 9426 6959 756 8900 
4 9419 7410 7387 3021 
4 8915 6915 9578 8766 
4 7647 7357 8093 6963 
4 1747 1371 2837 2741 
4 1522 4434 2785 8486 
4 9550 6471 6506 2610 
4 8449 4116 6925 8353 
4 7699 7206 9564 1536 
4 5808 487 2144 3875 
4 5131 5024 3141 6332 
4 5028 2149 335 4504 
4 4717 4339 3951 3789 
4 4161 6353 3347 458 
4 8579 6311 1678 7889 
4 7972 9838 5181 4994 
4 6738 2608 221 5066 
4 5835 7850 2028 6127 
4 5683 462 2859 392 
4 5488 9114 7602 3887 
4 1743 6818 7078 2892 
4 9341 2956 2469 6175 
4 9271 6328 4736 2059 
4 8418 3651 1688 7959 
4 7824 9659 4877 6232 
4 6616 1161 9709 6944 
4 6042 5233 4069 6148 
4 5728 2412 9993 840 
4 5074 801 1453 9820 
4 3655 7557 9651 5628 
4 2573 9394 8663 168 
4 2265 40 2307 4549 
4 2043 5125 9678 8543 
4 767 4982 7694 8438 
4 96 31 6699 6229 
4 8866 5106 8028 1426 
4 7250 8737 7960 9595 
4 6627 7632 1778 1009 
4 6273 3318 4688 2685 
4 3087 4291 3012 393 
4 902 725 8022 802 
4 8607 2683 639 7423 
4 8548 502 8426 8643 
4 8470 842 739 7395 
4 6144 8576 5128 8256 
4 5720 9540 78 7859 
4 3830 2101 511 615 
4 2952 5817 3841 1220 
4 1523 9015 4097 6315 
4 1200 9223 8804 7971 
4 9853 2950 7742 644 
4 9626 2169 6725 152 
4 9566 343 1043 34 
4 8625 1959 402 5631 
4 7524 9489 1080 848 
4 6742 9227 5558 4488 
4 4870 6473 325 8950 
4 3834 5676 4031 4826 
4 1889 5719 5190 613 
4 1178 4099 8097 2388 
4 797 7803 4880 7581 
4 773 4567 793 1377 
4 385 4689 4787 1869 
4 197 5422 68 3743 
4 9797 6746 7314 1270 
4 8487 8903 3123 229 
4 6410 5959 6034 1979 
4 6309 4855 7631 8571 
4 5553 5882 2242 1807 
4 5155 953 3698 9957 
4 3306 6952 3903 7697 
4 3167 7430 6005 13 
4 2089 4723 7994 8629 
4 1508 1165 4969 413 
4 9048 5850 1167 3679 
4 8132 3515 7132 726 
4 6336 7532 5881 76 
4 4960 3555 6922 6225 
4 4367 20 579 1892 
4 2055 2472 9887 9337 
4 407 252 9475 2002 
4 9250 7176 4811 6291 
4 8183 8398 477 5950 
4 7567 305 5212 740 
4 7436 6452 153 5731 
4 7155 9892 640 5951 
4 6192 7666 2164 4679 
4 5864 5443 9280 1590 
4 5375 4047 4267 7713 
4 4600 467 6563 860 
4 4649 2304 6357 3581 
4 3673 3509 4554 2669 
4 3557 3665 6095 7951 
4 2612 1502 9274 2215 
4 730 3396 4451 4750 
4 9718 6674 5161 7496 
4 8671 4173 2358 7036 
4 6384 4298 2137 6189 
4 4524 3621 1586 9830 
4 4079 7826 3246 1549 
4 3791 414 2929 5026 
4 3271 6479 4155 9234 
4 2486 5829 5863 4078 
4 1998 3233 1369 4922 
4 1228 57 9524 8986 
4 278 6046 346 1953 
4 9689 649 7804 1084 
4 6769 395 5146 2527 
4 6058 7906 3146 293 
4 4200 8821 2629 4249 
4 4043 193 2799 2019 
4 875 8212 6210 2432 
4 9843 4245 3449 3261 
4 9746 3902 2531 9105 
4 8940 4246 4279 2898 
4 8707 7024 1416 5346 
4 6747 3761 9526 6544 
4 6198 7252 3838 3504 
4 6028 4662 4311 2533 
4 3001 937 83 9313 
4 283 2634 568 9543 
4 9871 9157 8206 5200 
4 5476 2232 6740 3161 
4 1429 8456 7565 7236 
4 3 7194 2824 6270 
4 7302 949 4030 9065 
4 6010 7743 554 7197 
4 5170 4314 1276 8675 
4 2912 1504 7813 1286 
4 1483 6244 2751 2668 
4 85 868 3806 9635 
4 9507 6104 1650 8201 
4 8297 4747 8440 4537 
4 8204 3773 8498 4653 
4 7443 23 3482 7018 
4 3367 5895 1250 9488 
4 1140 6630 9496 7150 
4 432 3748 1194 9458 
4 9755 9294 7653 4767 
4 8453 1516 5387 5714 
4 7880 3431 982 8642 
4 7118 6612 3930 6294 
4 6578 9810 5401 3332 
4 4706 4856 1793 6962 
4 4532 9692 4176 7490 
4 4527 2529 9551 9333 
4 4179 7963 4398 6920 
4 3278 3174 2303 16 
4 1587 1527 444 4578 
4 1040 1514 8229 1618 
4 884 3263 6828 4892 
4 8683 6258 4501 3316 
4 7095 4328 8277 1986 
4 6483 8965 5672 9680 
4 6146 3911 9958 1532 
4 6012 1891 9260 1118 
4 5207 1032 2047 3513 
4 4607 8952 6664 5237 
4 4469 675 9251 8289 
4 3028 7559 6494 1031 
4 1720 1296 3880 4914 
4 9695 1452 5834 8727 
4 8670 6245 4001 6822 
4 7978 8355 9002 9085 
4 7696 6569 5980 4841 
4 6110 8729 4935 2422 
4 5849 4713 9711 5199 
4 5803 4623 2264 2143 
4 3728 6852 5059 5373 
4 3022 5175 1606 4605 
4 995 8654 2442 499 
4 8964 9022 8179 8918 
4 7618 1201 6510 4164 
4 7319 3099 6604 4447 
4 2585 1027 9858 9149 
4 1821 3125 2712 7622 
4 1378 6693 6430 6093 
4 1224 3407 7761 365 
4 634 8177 5641 5097 
4 464 3824 5769 6130 
4 8929 5043 8897 8067 
4 8722 3747 2671 9624 
4 7603 6744 4775 9655 
4 7296 8808 3147 7957 
4 6370 858 9985 9272 
4 4883 8593 4898 459 
4 4617 2328 9611 4095 
4 2877 6846 6600 1865 
4 1253 8981 7418 225 
4 9908 8235 9181 4562 
4 8932 7600 5400 5471 
4 7861 7828 5098 2335 
4 6498 4144 7237 1110 
4 4307 4407 3570 1132 
4 3877 8567 6118 2946 
4 3736 3274 115 6472 
4 3561 1058 6323 185 
4 3037 8382 2235 123 
4 1708 7849 3547 7085 
4 1681 30 6766 9073 
4 1073 8472 5831 8108 
4 9359 7048 1898 8734 
4 8895 1951 1806 3355 
4 8692 9771 6126 4482 
4 7759 8340 7190 6078 
4 5785 6727 6398 5944 
4 4786 6002 4156 1639 
4 3375 94 8756 2402 
4 3248 8388 2570 8753 
4 2939 8978 6590 9613 
4 1684 6899 4558 7693 
4 1542 7721 576 7616 
4 1526 6993 7868 8572 
4 8524 1669 7805 4840 
4 7536 7899 5442 9927 
4 5902 1978 5077 2220 
4 4439 7665 4694 1754 
4 4038 7247 3615 2046 
4 2937 6669 4546 2205 
4 2627 6090 8806 6851 
4 1484 7127 5812 2333 
4 1152 4325 6711 7273 
4 1116 1835 473 5505 
4 559 2466 8129 3883 
4 137 7315 896 6524 
4 8328 1288 5019 7329 
4 7870 9859 4804 9338 
4 4361 3078 7460 6223 
4 3892 9745 2240 8393 
4 2488 7634 3506 4197 
4 1571 2911 3324 6304 
4 520 8372 8640 1848 
4 9880 5323 6739 2582 
4 8956 4489 2216 6356 
4 8874 1774 5613 9948 
4 6296 3587 160 9877 
4 5462 2591 1266 5460 
4 5278 2105 7815 9003 
4 4521 5041 4172 7123 
4 4292 2294 1192 8573 
4 3511 9013 899 9603 
4 8637 4564 6774 516 
4 8466 5800 6697 5189 
4 5823 2234 8996 7275 
4 4975 6990 1271 143 
4 3853 2730 8021 3933 
4 2798 3265 1212 6671 
4 2592 3884 1313 1137 
4 9849 5702 2754 6560 
4 9769 8994 7121 9134 
4 7041 22 101 3664 
4 6231 1849 5276 6803 
4 5839 5140 5397 5621 
4 5547 4308 2237 3402 
4 3544 9679 4312 8773 
4 3107 2136 419 7931 
4 916 4746 3849 1086 
4 9961 2549 9744 2417 
4 9425 2199 5171 3878 
4 8527 1653 2453 4394 
4 6965 6581 5268 3038 
4 6605 9230 5134 9194 
4 6577 9029 7491 6023 
4 5941 3439 753 9844 
4 4946 4217 3281 219 
4 4668 4255 2781 2390 
4 2600 9261 1488 5523 
4 1712 2793 7686 5426 
4 970 3578 6064 8464 
4 172 6035 7786 2289 
4 56 558 9008 381 
4 9984 8084 6595 6063 
4 7255 8716 8759 7233 
4 6938 5234 1699 1480 
4 5998 7510 3817 6414 
4 5378 417 8789 6520 
4 7238 3097 7400 3782 
4 7215 9759 8049 2444 
4 7130 6831 6636 3873 
4 6389 2268 5598 2016 
4 2368 4196 7117 8618 
4 846 4818 4136 5903 
4 9014 1461 8411 6096 
4 7363 2852 1172 3334 
4 6715 9901 4613 796 
4 4604 5246 3131 4599 
4 3769 906 1656 1093 
4 3050 1170 1127 6432 
4 145 5253 472 4094 
4 9092 8316 8166 4678 
4 8931 1624 6529 6373 
4 7740 550 8793 6517 
4 6856 4918 6132 1783 
4 5563 5770 4910 159 
4 5151 3381 2775 8987 
4 4731 2406 4630 3888 
4 4663 8633 1867 3965 
4 3969 6261 5736 3783 
4 3746 7684 3262 7925 
4 2106 7903 2951 2621 
4 1765 3300 6180 2334 
4 1430 3491 828 7788 
4 844 9502 1221 4193 
4 738 9575 8539 1627 
4 688 6953 845 4088 
4 451 6227 5391 1985 
4 9168 2068 3744 7969 
4 6752 893 3401 218 
4 6583 9535 5577 1814 
4 5649 7309 7501 5917 
4 2716 8165 1208 5064 
4 1601 3442 3312 1665 
4 525 9534 3539 1404 
4 9741 217 5586 3927 
4 9597 3721 7675 4932 
4 7624 5966 2987 1836 
4 7218 4487 2711 4479 
4 6540 2731 5398 8638 
4 6526 133 1801 5370 
4 6364 279 7371 5972 
4 6266 2750 5104 610 
4 5579 9660 7065 4894 
4 5325 3584 6586 2065 
4 5118 3445 2722 1638 
4 2766 7110 5313 1781 
4 1827 7980 5481 2947 
4 1487 2281 8665 4538 
4 1197 6417 3862 1899 
4 912 2554 5599 1184 
4 9161 6812 401 2560 
4 7149 7388 669 651 
4 6133 1646 9846 990 
4 4093 1904 9200 3929 
4 3540 5132 3124 2464 
4 3104 7898 9770 3076 
4 2407 7695 5594 7907 
4 1963 9882 7672 3216 
4 164 3085 934 3521 
4 139 7502 7289 1683 
4 9214 9754 6259 2184 
4 9182 4529 1935 8694 
4 8673 2326 757 9209 
4 8081 3411 9356 3947 
4 7558 5511 545 5122 
4 6396 4981 9941 9156 
4 4990 8934 8525 7902 
4 4491 4544 8842 3807 
4 2295 6405 4628 1716 
4 2221 1292 6958 4163 
4 2007 3017 1130 163 
4 8161 8268 2376 8584 
4 8059 89 6805 827 
4 5013 8015 4669 5345 
4 5007 4428 7664 292 
4 1648 1928 9670 2567 
4 1589 144 1469 9140 
4 9246 7043 249 7177 
4 8824 6409 6068 2087 
4 8650 1299 771 1120 
4 8044 2057 6497 3424 
4 7839 9089 6973 2173 
4 7499 977 7608 3580 
4 6451 930 7223 304 
4 6052 4833 3115 207 
4 5899 8732 2835 7553 
4 5574 7096 6770 8776 
4 2804 7744 2050 4392 
4 7346 2990 3313 2022 
4 6149 1138 9860 6307 
4 5056 1870 8273 6331 
4 3691 4646 241 4149 
4 2879 2480 199 4948 
4 628 894 9785 9406 
4 480 157 7544 5804 
4 7204 1331 691 4789 
4 2555 7274 9225 2227 
4 1010 2463 1209 8709 
4 642 8853 3610 8409 
4 9490 288 6425 3893 
4 6721 7962 8298 2179 
4 6102 4882 316 3541 
4 3932 9491 7134 8068 
4 3276 5429 4553 2564 
4 2836 3941 9152 8886 
4 2590 7014 9367 6904 
4 1825 4842 6897 3353 
4 9588 3186 2011 287 
4 8653 3178 8502 7163 
4 8305 618 7640 6301 
4 7752 7216 7878 3006 
4 7151 5514 7229 4337 
4 6645 865 9100 7642 
4 6215 6541 9553 5192 
4 5879 9179 2288 6513 
4 3828 5718 728 9232 
4 3608 9710 356 7298 
4 2811 8870 7546 1227 
4 9776 8645 4355 3753 
4 9471 6387 5725 186 
4 9414 643 5550 108 
4 8606 7019 6213 9647 
4 3973 7795 5206 1841 
4 2872 2805 8941 5663 
4 1876 5329 6796 5578 
4 1866 5254 4468 2418 
4 1847 4714 1652 8141 
4 1735 1958 1277 9885 
4 900 5060 4226 9863 
4 597 5182 7087 1971 
4 289 8534 9870 819 
4 178 862 9329 2563 
4 9286 8740 2841 6087 
4 6256 616 7948 5825 
4 5513 9172 6629 3798 
4 4650 5952 5848 5424 
4 3239 9617 4143 1574 
4 1943 5741 3425 6620 
4 206 8310 7349 3812 
4 28 9582 5534 9423 
4 8652 6814 2239 5658 
4 7375 5612 7091 3438 
4 4671 9590 5958 5611 
4 2538 733 9570 2344 
4 1856 6484 3536 867 
4 1464 4508 5510 3209 
4 931 4634 4791 9158 
4 9499 8564 2163 5573 
4 8578 1809 1661 3208 
4 8134 5771 1563 2435 
4 6703 2689 4598 9314 
4 6685 784 425 2152 
4 6350 7556 1495 769 
4 5815 8321 8309 7434 
4 2226 2577 8771 8103 
4 1311 2318 1700 4726 
4 9276 2201 7441 7365 
4 6531 347 9555 348 
4 4522 226 4986 1479 
4 3891 9346 7799 4709 
4 3527 378 4906 4693 
4 2697 6748 4403 1615 
4 1819 1376 6253 8347 
4 1632 3712 9862 7060 
4 8258 7333 7946 6701 
4 7888 1685 800 128 
4 7764 9876 7580 9954 
4 6111 4290 5294 383 
4 5058 4518 7758 2586 
4 4496 789 6125 2470 
4 3132 3917 719 189 
4 3092 6917 1403 7541 
4 1205 1099 2451 6279 
4 8468 8493 8086 1949 
4 6443 8379 5316 1235 
4 6206 9205 5183 2012 
4 2732 4939 4211 958 
4 1994 1909 441 863 
4 1877 1788 7835 633 
4 1260 8064 8686 1323 
4 151 6692 3949 1679 
4 124 7140 6457 5409 
4 9637 1131 2356 203 
4 9238 349 7459 9819 
4 8684 1494 8960 9999 
4 7475 2550 2382 1230 
4 6053 3860 9737 8406 
4 4933 415 7669 3859 
4 3895 9323 8282 1868 
4 1874 5343 361 1180 
4 9241 1799 1196 8412 
4 7734 3213 831 5148 
4 4725 6456 2878 703 
4 3573 8080 5379 8970 
4 2190 7965 3821 5779 
4 1888 1119 5410 782 
4 1642 3327 9372 3784 
4 1562 4996 1284 1993 
4 589 291 935 7753 
4 236 1188 4621 8985 
4 142 7807 7507 1732 
4 9748 1611 8875 4254 
4 9675 5694 6085 405 
4 7413 7479 8955 2384 
4 6306 8726 2498 4633 
4 4814 3247 1818 509 
4 4611 2483 280 4 
4 2428 2035 388 1335 
4 2091 6843 693 1074 
4 7610 7307 1105 9807 
4 4661 9102 8791 2386 
4 1884 8784 6233 1046 
4 1704 5051 4632 7667 
4 9602 922 9663 2324 
4 8907 7251 5977 4664 
4 8035 4734 3787 1133 
4 7993 4675 2378 5356 
4 7361 4330 4344 3386 
4 6932 268 9636 2405 
4 6628 4950 3394 2789 
4 4774 258 2579 9701 
4 4692 6407 7791 6635 
4 4592 1111 5833 4461 
4 253 8410 227 9644 
4 9376 1135 3922 1987 
4 7406 9604 9186 6434 
4 7286 8523 6500 7399 
4 5644 4107 376 7092 
4 4989 5699 9742 4979 
4 2241 200 8461 2942 
4 2020 9724 9533 8491 
4 1445 9557 6983 3389 
4 540 2541 8164 6371 
4 5794 2311 1553 662 
4 5235 8731 8374 3199 
4 4716 9717 7992 5413 
4 4066 983 5327 8602 
4 3924 2086 1029 318 
4 3912 3639 9162 8136 
4 3558 5844 3385 2676 
4 2854 811 342 7706 
4 1282 7322 4371 4810 
4 735 2373 3827 9632 
4 648 9148 3292 2030 
4 9976 2715 8872 6158 
4 9896 491 3819 6647 
4 8176 5177 5005 7820 
4 7841 2410 5266 794 
4 7662 741 7627 409 
4 7526 9773 3866 5187 
4 6326 4425 6254 3008 
4 5035 173 9342 6242 
4 4926 6420 4369 6678 
4 4506 2508 1534 9282 
4 3945 8725 7832 9977 
4 3839 2883 1992 872 
4 3654 7340 7636 7228 
4 2887 5885 4273 1439 
4 9016 7712 4978 148 
4 8423 621 8857 1897 
4 7594 5957 5643 4220 
4 7074 3756 1918 1329 
4 6365 9609 3799 917 
4 4904 7069 4323 9963 
4 4656 2825 3935 7736 
4 3531 4651 4435 7033 
4 2461 5210 1969 1415 
4 8241 3267 821 5883 
4 7733 2934 6234 5853 
4 6976 3225 2747 7938 
4 6380 5073 8879 7264 
4 6366 5399 8728 6480 
4 4410 3794 8613 4535 
4 4089 1705 1554 1063 
4 3567 6499 6174 1206 
4 534 7408 5167 9327 
4 6289 9362 7393 4260 
4 5474 984 4807 2427 
4 4773 7276 1731 8758 
4 2081 195 4032 9822 
4 1467 1045 5840 9159 
4 1339 4356 4103 2166 
4 358 7093 5979 4237 
4 9368 3474 3227 1610 
4 9220 7165 3466 312 
4 8597 2884 2803 8507 
4 7683 3620 483 9787 
4 7374 7547 69 7588 
4 7356 7243 3144 605 
4 6436 5361 5265 901 
4 1332 437 9011 8778 
4 9988 3058 7793 987 
4 9848 2873 8395 7915 
4 8861 5470 652 9070 
4 6988 2172 6654 5340 
4 6800 5045 8142 4214 
4 6076 508 435 5745 
4 5898 2503 8570 2996 
4 5336 8780 2500 8770 
4 3760 9775 6675 5508 
4 2375 4860 4822 4372 
4 404 5350 179 6077 
4 8019 7172 7097 8877 
4 6857 7416 9380 7427 
4 4495 6841 4224 3636 
4 689 8535 2330 4758 
4 622 2425 7789 2170 
4 489 6901 1654 4890 
4 33 9415 2206 1305 
4 9468 8144 4891 3984 
4 8938 194 4577 3082 
4 8889 8786 209 7578 
4 7821 7639 2556 8405 
4 6778 9749 8224 7059 
4 6490 1142 9264 5067 
4 5489 8311 184 4376 
4 5457 4972 8961 3530 
4 5178 8361 8038 2520 
4 4720 3879 7942 5557 
4 4375 6187 4732 2769 
4 3718 3476 8117 111 
4 3323 9931 192 6156 
4 146 6853 7086 6411 
4 9043 596 8417 8135 
4 8648 9571 7883 5107 
4 8153 9218 1728 7561 
4 7818 8975 478 5993 
4 7768 6141 303 4285 
4 7534 3189 3044 9436 
4 7426 7856 5279 1831 
4 5551 118 6128 3716 
4 5086 7098 9421 8244 
4 4639 3777 8114 7590 
4 4011 7075 1614 729 
4 3704 9556 6902 5983 
4 2462 4175 8272 4699 
4 2389 6614 3717 6937 
4 9726 482 5906 4724 
4 9361 4952 2812 1695 
4 8150 8061 4523 5696 
4 7530 2512 908 274 
4 7310 6308 7187 6559 
4 6784 3727 2808 8002 
4 5856 3493 1972 8075 
4 3617 2485 8462 6833 
4 3244 2771 2039 121 
4 2874 230 8009 781 
4 2401 7741 6177 1496 
4 1021 5747 2974 7483 
4 9072 1485 8698 7606 
4 8845 9031 7045 8797 
4 7175 5483 3685 9126 
4 3882 1517 156 9793 
4 3595 8530 7847 4899 
4 1529 7077 8880 5304 
4 7917 4232 2098 6720 
4 6870 1625 5870 833 
4 6585 8561 8110 5727 
4 5467 6682 4470 2532 
4 4057 8045 8011 6265 
4 3983 1350 7864 2271 
4 3352 8220 6428 61 
4 3153 9736 8500 5617 
4 2129 5504 2827 2272 
4 1930 7017 1283 7337 
4 9222 1749 1226 5783 
4 8679 8542 6607 6971 
4 8425 5533 4333 9357 
4 8325 6429 9457 8868 
4 7013 3635 424 311 
4 6202 7730 6545 5213 
4 5461 574 5377 4063 
4 3371 4845 9301 8556 
4 1952 1937 7533 4297 
4 635 1177 9686 9498 
4 39 2110 7550 7404 
4 9429 7248 7068 2602 
4 8712 256 8159 4913 
4 7116 8494 6026 3059 
4 6834 5938 5382 3307 
4 5832 8635 4980 3053 
4 5522 507 5260 9932 
4 4907 4098 3108 81 
4 4467 4966 2298 2231 
4 2191 4876 8473 7292 
4 1886 4588 8441 8190 
4 9802 5262 4427 1917 
4 9667 2447 1753 866 
4 9549 3690 428 9296 
4 9221 5158 2657 1171 
4 8682 5023 1984 1501 
4 7966 1006 6293 5008 
4 5724 3023 1513 6998 
4 3339 1804 9910 9007 
4 3188 1634 7367 6075 
4 947 4440 7139 7022 
4 512 795 7682 803 
4 32 682 8924 6551 
4 9734 7929 7138 538 
4 9606 1696 5754 4262 
4 9183 7830 5907 2252 
4 9091 8850 7833 406 
4 7689 1326 7711 6617 
4 5615 5480 3469 9823 
4 4704 7030 4305 3361 
4 4124 6539 8968 8592 
4 2134 9521 1789 903 
4 1507 1622 7584 3993 
4 9868 3268 959 8555 
4 8519 1166 6098 9042 
4 6700 7514 3534 2673 
4 6184 7067 6237 4591 
4 5908 1703 5585 2900 
4 4640 6412 5910 1762 
4 4016 6021 2583 1307 
4 3011 2393 182 6533 
4 2924 4770 1932 7453 
4 2277 3846 5472 9861 
4 1347 9548 5693 5632 
4 149 3266 7129 5926 
4 45 2357 9044 5281 
4 8276 1275 6848 2645 
4 7876 6257 4923 4048 
4 7731 2310 4893 4851 
4 6873 7688 6393 5010 
4 6705 6519 7658 7102 
4 4208 7281 9297 6859 
4 2707 4453 4283 3705 
4 2167 9577 7523 4060 
4 2148 5900 4843 3416 
4 1256 6799 2138 1824 
4 1100 3205 1149 4911 
4 170 9698 4830 6222 
4 8196 3963 3286 9189 
4 7964 668 8085 9972 
4 6446 9311 7000 4019 
4 5584 658 6454 5100 
4 5566 9914 8541 3810 
4 5451 7985 5640 4236 
4 4465 4793 7574 6643 
4 3991 3154 603 3994 
4 3641 7071 5430 2961 
4 2024 3854 1191 3803 
4 849 8001 3382 341 
4 313 6961 6040 3591 
4 0 9411 1878 9229 
4 8562 3611 1612 5538 
4 3724 3169 1190 224 
4 2467 2928 921 9554 
4 611 2546 2385 25 
4 471 2664 2026 275 
4 9978 1770 452 6509 
4 9752 9270 8554 7890 
4 8908 9204 7852 6923 
4 8517 2899 9146 2153 
4 8027 8334 6592 6031 
4 7984 4571 6290 5838 
4 6903 9101 6862 5828 
4 6553 6185 4691 746 
4 5954 698 9059 3990 
4 5277 8000 1775 7782 
4 5166 8231 3523 8118 
4 4335 6119 3454 3619 
4 2495 2709 2280 582 
4 1908 6334 3696 1302 
4 9996 3719 886 9720 
4 9583 6195 5809 2656 
4 8133 659 7011 5386 
4 7424 4009 6391 412 
4 6596 9933 4821 1316 
4 6522 2662 972 7504 
4 5657 468 8109 7261 
4 1199 526 8034 5549 
4 1044 319 6491 1667 
4 9328 7488 3156 2038 
4 9210 238 9024 4209 
4 7425 54 9825 9150 
4 6648 6516 6199 999 
4 5947 27 6850 4525 
4 4992 6283 3413 9400 
4 4340 6772 5635 8508 
4 3681 3754 2525 4520 
4 1569 1873 8546 8318 
4 1179 6792 6163 5014 
4 6017 2980 1777 4252 
4 5362 8344 8098 4034 
4 4511 4987 1725 180 
4 3412 1134 9336 5257 
4 3226 7222 5949 4174 
4 3203 8757 5778 5697 
4 2337 5859 3645 2154 
4 1411 4132 1880 1087 
4 1106 5227 9833 5539 
4 708 4705 2010 7921 
4 541 4556 2758 1237 
4 8222 3843 573 7882 
4 8143 1308 379 9321 
4 7521 4581 422 5108 
4 6022 9638 7042 5406 
4 5173 9164 7005 6631 
4 4790 9929 8511 7822 
4 562 5153 3643 1664 
4 8210 3383 5820 3788 
4 8160 5466 3546 1374 
4 6246 5029 1915 986 
4 4419 5527 4976 3628 
4 4286 7183 5619 4062 
4 3894 5342 1290 911 
4 3563 583 154 5774 
4 3031 5049 2858 2733 
4 1840 2431 9560 7986 
4 1668 3340 8796 7573 
4 1616 9055 6686 4973 
4 8828 3201 7783 6549 
4 8667 4438 1401 7142 
4 8413 2706 1964 533 
4 5496 360 6485 4450 
4 2025 8420 5912 5682 
4 204 6260 5280 5229 
4 8810 5681 5287 4929 
4 8336 7607 4681 1147 
4 8139 3275 2192 8860 
4 6713 4832 3992 3816 
4 5730 4251 3301 3035 
4 4958 8862 4483 3464 
4 2120 1497 6039 4752 
4 1751 4426 2807 93 
4 9995 5338 3088 9319 
4 8876 3752 2279 2083 
4 8006 8012 3616 3455 
4 7751 1148 9712 8380 
4 6280 2553 9239 9171 
4 4742 883 630 575 
4 4188 9451 8816 4762 
4 4092 8304 6554 5113 
4 3596 6694 6508 5162 
4 3330 302 9816 2202 
4 2437 6511 4517 1065 
4 2159 5700 4622 2988 
4 1535 5498 3602 8992 
4 70 4231 3662 9715 
4 9418 6776 4388 2186 
4 9269 4769 4165 2886 
4 9198 3329 2377 1766 
4 8919 3259 1954 322 
4 6960 2770 1399 1265 
4 6263 1436 823 8275 
4 4858 1551 9370 7848 
4 4801 9057 8957 7652 
4 4228 9586 9399 1613 
4 3972 9608 9176 8695 
4 3657 9281 8439 3074 
4 1843 537 7844 6079 
4 1321 8545 5766 9248 
4 530 9097 8203 7217 
4 9716 7717 7481 5819 
4 9028 8761 6074 888 
4 8454 8232 7167 5814 
4 8089 7829 5444 4379 
4 7729 5535 4263 2895 
4 7614 7661 4667 1002 
4 4000 3796 546 9664 
4 3926 1540 1424 8747 
4 1062 3191 2121 5448 
4 456 1238 9812 6570 
4 430 1298 9869 9592 
4 131 2104 9245 6821 
4 9767 9284 8988 8455 
4 9699 493 273 7099 
4 9446 2603 8984 7467 
4 8137 7266 6493 5333 
4 7995 6704 6690 4545 
4 6964 5099 4505 3623 
4 6097 6319 4954 2439 
4 6008 4754 3399 2963 
4 4046 5453 4928 3586 
4 2786 6606 2423 1444 
4 2762 2889 2380 938 
4 2193 1920 9500 8599 
4 1939 9107 9060 6007 
4 1330 2823 8685 7342 
4 620 1162 7564 6343 
4 372 814 9474 8359 
4 97 9386 8604 7321 
4 9584 7668 6212 4594 
4 9431 7716 7179 6618 
4 9086 6054 5512 5141 
4 8401 6337 6000 2051 
4 7663 6714 4457 3343 
4 7170 3759 2128 1854 
4 6761 6109 3804 1405 
4 6003 4354 2691 1462 
4 5986 6390 9851 8474 
4 4534 4806 598 9322 
4 3956 4641 826 626 
4 1744 3256 1583 1187 
4 673 660 9536 6939 
4 9944 1558 394 5811 
4 8822 3671 9981 9050 
4 8180 734 5463 4464 
4 7457 8972 8951 8104 
4 7407 8768 7270 5890 
4 6844 6788 5915 5120 
4 6835 6284 4666 8713 
4 5482 6400 5299 4813 
4 3590 5225 3041 2157 
4 2694 4157 3057 2839 
4 2514 3338 3133 9890 
4 2102 3220 2906 677 
4 1796 4602 1581 161 
4 1475 6088 9434 9298 
4 885 1559 9375 9051 
4 8383 4050 1198 9345 
4 8326 9634 7061 6753 
4 6352 8624 8540 4956 
4 6137 3049 8415 8251 
4 3370 9041 6142 6065 
4 2399 9020 7626 7431 
4 2074 7872 7279 7239 
4 1649 697 8228 6474 
4 956 6797 5133 4269 
4 24 5238 5188 3348 
4 9855 7015 5921 5742 
4 9083 3492 3027 2597 
4 8859 5273 1882 1478 
4 8037 9821 9145 9010 
4 7895 2797 269 8855 
4 7881 4059 3916 6650 
4 7674 1808 7381 4184 
4 6809 3503 2537 8628 
4 6450 1521 8214 2415 
4 5732 8794 7919 7745 
4 4387 2522 8610 6143 
4 4238 8147 6868 6441 
4 3344 8429 3321 2551 
4 3060 6730 4739 4444 
4 86 6804 2504 695 
4 7471 5782 686 9259 
4 4783 6435 5419 3110 
4 2953 5032 1082 51 
4 2881 3695 38 6751 
4 2297 3467 2424 72 
4 8815 1575 1020 9479 
4 8314 2502 8559 3217 
4 7357 9312 9193 7660 
4 6972 9240 6743 6018 
4 5168 7989 6339 5807 
4 4595 8560 6921 3495 
4 1755 8155 6562 4247 
4 1538 8128 6055 4768 
4 9137 9682 8819 4002 
4 9094 3813 3242 2116 
4 8353 6006 3391 1333 
4 6471 5973 3173 2420 
4 6311 2436 965 881 
4 5024 3585 3210 1597 
4 4434 2890 1942 9473 
4 4116 2692 2161 1658 
4 3141 2200 1059 9175 
4 3052 1466 871 837 
4 2903 1412 9623 8933 
4 2608 8881 8419 7772 
4 2596 8463 7855 7766 
4 2210 1580 8742 7900 
4 2144 9706 8446 7433 
4 9838 7732 6905 6402 
4 9578 8381 7656 6924 
4 9564 9648 7334 5150 
4 9215 5816 5038 4802 
4 9114 7306 5851 5469 
4 6332 7058 6832 4819 
4 4504 5740 2740 2695 
4 3875 7343 4701 8605 
4 3021 4327 2066 1541 
4 2956 5274 3502 2773 
4 2785 3373 2821 323 
4 2741 2543 1635 8331 
4 2610 3444 895 8248 
4 2028 3222 786 255 
4 1536 1594 9478 6354 
4 801 8596 4737 3669 
4 462 8065 6230 5607 
4 221 7982 7047 5117 
4 7889 1413 9032 3577 
4 7602 7988 2147 1802 
4 7078 7623 6136 4018 
4 6818 8836 3030 523 
4 6448 6288 4672 1297 
4 6127 3325 1547 638 
4 4994 4616 672 653 
4 4069 338 181 7258 
4 3789 3785 1579 8646 
4 2859 9990 9837 7827 
4 1688 1518 41 9506 
4 1678 8615 6919 5055 
4 1161 9233 9190 7916 
4 9709 8073 7781 6749 
4 5233 7332 7211 7052 
4 4982 8039 6401 5614 
4 4877 5678 5596 3195 
4 4736 6773 4373 1973 
4 3887 4846 3707 2635 
4 2469 7654 7245 3117 
4 2412 3419 2936 1902 
4 1453 5147 2866 2611 
4 31 1077 768 759 
4 9651 2168 9098 8053 
4 8543 2510 9881 7007 
4 7959 2108 1846 12 
4 7694 450 6845 6216 
4 7632 1000 175 7857 
4 7557 130 7527 7268 
4 6944 6621 6619 6269 
4 6229 6392 4797 4718 
4 5125 5889 5877 2314 
4 4097 5286 5169 4896 
4 2683 6416 5241 5018 
4 1009 4148 2782 308 
4 739 4829 4648 4153 
4 9678 4177 4040 3070 
4 9595 3928 3663 3091 
4 9540 4077 3863 2325 
4 8576 2993 2725 2587 
4 6699 3240 2218 169 
4 3841 2452 627 8365 
4 3318 2831 9832 8533 
4 2169 1168 9815 9255 
4 2101 9685 7871 7272 
4 1959 8396 8356 6999 
4 639 9212 7492 4710 
4 615 988 9023 7081 
4 511 9854 7040 6579 
4 402 961 6948 3790 
4 325 7638 4885 4205 
4 7742 7808 6737 6708 
4 6473 6542 6468 6166 
4 5959 7066 6101 1306 
4 5719 6154 5259 3600 
4 4787 6162 5072 4014 
4 4689 4160 3700 2372 
4 2950 2745 2175 1693 
4 1869 4715 974 776 
4 229 4020 531 449 
4 9227 3086 411 2 
4 7423 1947 1407 8927 
4 5676 2517 940 9120 
4 5422 600 271 9027 
4 5190 1060 9964 8662 
4 4099 9188 7405 7372 
4 793 6186 5698 4393 
4 9957 8257 8008 6754 
4 8903 9046 8499 5252 
4 7994 4609 3150 2948 
4 7697 5601 3409 3335 
4 7631 7131 5788 5569 
4 7314 3479 2757 2526 
4 6746 3426 2049 1278 
4 4826 3080 1499 1079 
4 3903 805 515 9865 
4 1377 2511 315 106 
4 953 326 9601 8890 
4 9892 215 9814 8681 
4 9887 7394 6967 6763 
4 7430 1075 517 9438 
4 6452 8998 8717 8303 
4 6005 8703 7299 7125 
4 5443 7531 6969 6382 
4 3698 7111 6344 6179 
4 3515 5978 5757 5272 
4 1270 7246 7109 5351 
4 1167 6278 5965 5428 
4 640 6912 6081 4486 
4 305 5589 4258 1857 
4 20 6947 4575 3488 
4 9475 3670 3477 3279 
4 8629 5068 4971 2882 
4 8571 5030 2562 2142 
4 8398 3254 1317 9694 
4 7666 1207 1139 1095 
4 6922 1944 9646 9495 
4 6357 2082 9226 7973 
4 5951 2013 466 9673 
4 4811 9669 9484 9330 
4 4047 9139 9000 8805 
4 3509 9081 8891 7311 
4 3396 8749 6358 6082 
4 2215 8312 7719 6968 
4 2002 5439 4938 4384 
4 1590 8826 8131 6341 
4 1502 3497 3138 3073 
4 477 8211 5887 5282 
4 153 5376 2959 2518 
4 76 6615 5884 1395 
4 7826 3522 3333 2552 
4 6291 1158 9693 9324 
4 5950 314 8154 7949 
4 4173 2370 191 8944 
4 3621 3898 8173 7513 
4 9524 939 9884 8052 
4 9337 448 309 7055 
4 7951 6854 6591 5297 
4 7906 6876 4676 4027 
4 5161 7072 6453 4794 
4 5146 6808 6745 6153 
4 4679 5080 3637 3202 
4 4245 6787 3165 3090 
4 4155 5786 3084 2569 
4 3581 3193 2908 1941 
4 2898 2916 2847 1588 
4 2629 3025 2842 2681 
4 2527 1358 997 9021 
4 2358 2426 1216 542 
4 2232 3346 1929 1924 
4 2019 9774 9448 8744 
4 1586 1273 8549 8373 
4 1369 1813 8600 8581 
4 414 9410 9099 7159 
4 395 7465 7327 6830 
4 9065 6330 4780 4513 
4 8986 8661 7528 4614 
4 8456 6024 5215 4218 
4 7024 4287 3450 3118 
4 6544 2122 1619 1258 
4 5346 5516 2363 1511 
4 4662 3405 2921 1477 
4 937 1437 1252 641 
4 9313 2029 77 9505 
4 9157 2607 1706 571 
4 4314 1113 485 6375 
4 4311 1153 799 9360 
4 4030 1525 9886 8569 
4 3504 298 9447 7655 
4 3482 202 9991 7184 
4 3261 9829 8820 7802 
4 3161 8209 7154 6633 
4 2824 7392 6556 6209 
4 2634 1102 7958 7458 
4 2533 6933 6470 5790 
4 1650 6094 5717 4660 
4 1504 6201 5837 5437 
4 1194 5985 5417 4741 
4 568 5576 5328 3415 
4 9543 4625 3487 3211 
4 8675 5581 4445 4389 
4 8229 4507 3164 3102 
4 7813 3977 3961 3350 
4 7236 2966 2931 2211 
4 6630 2653 2622 1182 
4 6270 2126 1470 720 
4 5387 1838 1107 1097 
4 4653 2834 2492 1690 
4 3806 1881 964 870 
4 3748 3095 806 521 
4 3263 910 228 9625 
4 2668 690 272 9800 
4 1516 498 9610 7987 
4 444 9465 9217 8221 
4 16 798 9696 8265 
4 9692 9087 9006 8087 
4 9635 7845 7585 7174 
4 8277 7977 7171 6871 
4 6258 7156 7120 6108 
4 5672 6447 5595 5365 
4 5401 6314 5509 4377 
4 4501 6445 6069 4443 
4 4176 5968 5924 5493 
4 3930 4421 4334 3341 
4 3174 7484 3680 3417 
4 2047 4272 2663 2505 
4 1532 3395 3064 1911 
4 1514 3157 2540 418 
4 1032 2636 1989 1460 
4 9958 3472 829 549 
4 9551 1465 577 486 
4 7559 1348 481 9811 
4 6920 764 306 9905 
4 6612 1254 9788 8812 
4 6245 9547 8763 8631 
4 5237 9794 9084 6945 
4 4914 8503 7858 7162 
4 4892 8595 8532 7364 
4 4623 9371 7840 6880 
4 1891 7260 6622 5929 
4 1296 6881 6009 5892 
4 675 5722 5364 2933 
4 6822 7797 6634 5347 
4 6744 5479 5473 4733 
4 6494 5275 4828 4466 
4 5980 4365 3852 3549 
4 5834 4441 4422 3644 
4 5199 3529 3434 2633 
4 3824 5263 3414 3158 
4 3125 3453 2909 2433 
4 2671 3109 1862 1764 
4 2143 1864 1832 1555 
4 1027 4271 2700 2352 
4 9149 1211 544 299 
4 7761 1039 607 9934 
4 6093 112 9943 9030 
4 4144 114 9369 8219 
4 3747 8676 8062 7887 
4 858 9316 8969 7651 
4 9272 7511 7360 6930 
4 8808 9117 8170 6167 
4 8593 7749 7257 6644 
4 5400 5964 5961 5925 
4 5097 6535 5691 5495 
4 4095 5928 5792 4721 
4 3570 5568 5423 4738 
4 115 5322 4712 4417 
4 9985 5088 4937 4122 
4 9181 3871 3194 3019 
4 8567 3823 3051 2665 
4 7600 3486 2897 2658 
4 6600 3296 2515 2365 
4 6118 2756 2359 1829 
4 4562 1599 1195 1066 
4 3547 2955 2229 1289 
4 3274 815 536 88 
4 2402 1850 880 763 
4 2335 671 566 9662 
4 1951 9469 9393 9082 
4 1806 9839 9772 8893 
4 123 8557 8495 7001 
4 8978 8655 8513 8345 
4 7190 8278 8077 6285 
4 7048 8883 7628 6224 
4 6766 7637 7192 5680 
4 6323 5862 5404 5009 
4 6002 6033 5176 4584 
4 5831 7474 6395 6282 
4 2570 6151 4158 3780 
4 1865 5222 3363 3016 
4 1669 4416 3440 2176 
4 1110 3633 3310 2348 
4 9927 3427 2978 1447 
4 8340 3243 1811 1647 
4 7899 1631 1585 777 
4 7868 2285 1557 1320 
4 7616 2863 1890 1016 
4 7273 2052 1183 423 
4 7247 9804 9224 8882 
4 7127 1355 822 329 
4 6899 391 260 9155 
4 6078 9074 7690 7493 
4 4694 8832 8594 7842 
4 4546 8748 8469 7383 
4 4325 7283 5888 5384 
4 4197 7735 5969 5734 
4 2220 8174 7401 6986 
4 9745 6783 6183 6049 
4 8572 5591 5321 3968 
4 7634 7398 5095 4642 
4 7329 5298 4309 4028 
4 5505 5003 3772 3251 
4 3883 4025 3847 3018 
4 3615 3797 3187 3177 
4 3587 3734 3360 1474 
4 3078 3218 2651 1582 
4 2582 2659 9723 9628 
4 2333 3897 904 9733 
4 1835 9470 8831 8762 
4 1754 2238 7611 7345 
4 1288 8739 8730 8660 
4 8640 7897 7773 6815 
4 4564 6593 6438 5940 
4 2105 8443 7417 7063 
4 1848 6496 6321 5767 
4 1774 6458 6305 5537 
4 9013 5963 5070 4763 
4 9003 5624 4985 4962 
4 7815 5674 5543 5296 
4 6990 5063 4728 4610 
4 6739 4740 4512 4191 
4 5702 4533 4494 3494 
4 5613 3328 3255 2703 
4 5140 2594 2224 1686 
4 3324 3901 3471 2693 
4 1313 4108 3625 2100 
4 1137 1550 1186 91 
4 22 2301 609 587 
4 8996 2614 2075 380 
4 7491 1999 1145 646 
4 5276 812 9764 9291 
4 4746 8475 7854 7377 
4 3038 9208 8230 7025 
4 2754 9347 7241 6767 
4 2136 7646 7347 6866 
4 9744 8928 8156 6543 
4 9261 5709 5690 5689 
4 7931 6860 6518 4547 
4 7686 5542 5105 5057 
4 6064 4360 4300 4229 
4 5171 5015 4006 2997 
4 4217 4198 3988 2660 
4 3849 3722 1454 1435 
4 3402 3667 2561 2107 
4 2793 2140 1859 1346 
4 2781 1970 1608 1035 
4 906 1337 1176 928 
4 753 700 567 9883 
4 417 1295 650 9735 
4 9194 555 9254 9037 
4 9008 9303 9178 8867 
4 8411 9641 9589 7843 
4 7510 8772 7421 7185 
4 6636 8424 6885 6512 
4 5426 8400 7894 7476 
4 4818 6875 6652 6378 
4 4394 6709 6427 6272 
4 2417 6239 5677 4895 
4 2289 6150 5822 5528 
4 2016 5639 5309 4423 
4 1656 5603 4414 4082 
4 1480 4757 3446 3026 
4 1461 4109 3400 2919 
4 381 5027 3936 2885 
4 8464 3111 2743 2734 
4 8316 2476 2332 2088 
4 7400 2696 2299 2253 
4 6261 2054 1852 1727 
4 6096 1578 670 74 
4 5253 572 510 374 
4 5246 158 9960 9904 
4 4678 9645 9387 8389 
4 4630 9258 8913 8185 
4 3817 220 9045 8100 
4 3131 9236 8458 8090 
4 2775 8368 8302 6858 
4 828 8227 7486 6718 
4 159 7670 7339 6661 
4 8633 6840 6114 5943 
4 7309 5685 5588 5267 
4 6953 6073 5388 4413 
4 3965 5311 4868 4583 
4 3783 5160 4684 4227 
4 2334 4239 4133 4080 
4 1867 4012 3762 3693 
4 1665 3763 3447 3048 
4 1404 3331 2181 1995 
4 9575 3079 1473 1091 
4 8165 2018 1691 570 
4 7969 4195 1745 1391 
4 6180 1303 492 165 
4 5586 196 64 9950 
4 5577 527 267 9622 
4 5391 8 9339 9237 
4 4932 9318 9076 8945 
4 4487 8735 8291 8246 
4 3401 8319 8254 8171 
4 2750 8223 8113 7571 
4 2554 8158 7932 6750 
4 2281 7350 7112 7106 
4 2065 6940 6403 6274 
4 1801 7801 6536 5798 
4 1221 5936 5760 5604 
4 9660 5726 5545 5123 
4 8665 5021 4645 4313 
4 7675 3890 3624 3588 
4 7110 4519 4013 3054 
4 6812 5135 3658 3179 
4 6417 3349 2910 2306 
4 5370 3290 2620 2349 
4 5104 3119 2248 2042 
4 5064 1872 1567 1443 
4 4894 2204 1068 427 
4 401 1530 1285 1243 
4 9846 1345 1217 1064 
4 9754 1022 216 9973 
4 7695 9969 9616 9591 
4 7672 9786 9409 9278 
4 7502 9903 9309 8936 
4 7065 8979 8906 8451 
4 5594 8620 8536 7438 
4 5481 8366 7020 6806 
4 4981 6707 6670 6527 
4 4544 6918 6281 5755 
4 4428 5642 5317 4944 
4 3411 7031 5554 5464 
4 3216 5749 5636 5395 
4 3124 4967 4764 3684 
4 1716 5293 4243 4128 
4 89 4065 3801 3270 
4 9156 3423 3046 2801 
4 8934 4930 2790 2698 
4 8525 4761 2720 1858 
4 7902 2680 2230 2044 
4 7043 1885 1515 1223 
4 6405 1805 1410 1076 
4 4669 1803 957 943 
4 3521 761 519 337 
4 3424 788 632 9970 
4 2560 248 9955 9700 
4 2173 696 9661 9427 
4 1130 9266 8813 8760 
4 977 591 9136 7771 
4 827 8521 8497 7535 
4 163 8213 7429 7335 
4 9670 7293 6996 6817 
4 7096 7224 7002 6950 
4 6973 6374 5960 5668 
4 6068 6829 5661 5499 
4 5122 5701 5331 5247 
4 3115 6277 5789 5491 
4 2990 5458 5079 4500 
4 1120 5127 4697 4266 
4 894 4257 4120 3907 
4 304 4781 4409 4053 
4 207 3837 3612 3314 
4 8853 3768 3039 2876 
4 8273 3500 2568 1982 
4 7962 1663 1054 9384 
4 7553 942 736 222 
4 7223 993 629 242 
4 7134 9951 9681 9379 
4 4842 9975 9902 9798 
4 4149 9348 9017 8827 
4 3610 9257 8505 8323 
4 3313 9331 8528 8237 
4 1209 7901 7873 7657 
4 618 7570 7389 7235 
4 316 7200 6825 6683 
4 288 7679 6765 5876 
4 199 7089 6660 6105 
4 9491 5995 5436 5179 
4 9225 5456 5220 4920 
4 9179 4317 4234 4123 
4 9152 3326 2888 2829 
4 8886 4042 4022 2717 
4 8502 4658 3915 2688 
4 7163 2580 2473 1741 
4 6301 2379 1931 1645 
4 5192 1506 1319 1151 
4 3353 4834 2269 1438 
4 3178 1324 1109 1018 
4 2564 950 856 140 
4 865 1218 920 162 
4 728 9842 9462 9206 
4 287 9444 8963 8838 
4 9710 9138 8817 8807 
4 9406 138 8647 8436 
4 9367 8422 8195 7122 
4 7298 8522 7886 6982 
4 5182 7625 7062 6734 
4 4355 6684 6460 6406 
4 1841 7853 5675 5485 
4 1652 6057 5201 4919 
4 819 6019 5454 5407 
4 9553 5521 5360 5036 
4 9172 5218 5137 4795 
4 8740 4618 4458 4280 
4 8310 3714 3358 3068 
4 8141 4216 3219 2860 
4 7087 2557 2523 2347 
4 6814 2291 1539 1490 
4 4634 2097 1628 1338 
4 4508 2967 1576 1225 
4 4143 1141 1055 637 
4 3425 1219 809 475 
4 2841 352 284 235 
4 2239 294 9355 9249 
4 1495 9658 9211 9180 
4 733 9153 8672 8598 
4 425 9912 8552 8391 
4 9590 8329 8099 8017 
4 9582 8274 8023 7909 
4 8564 7928 7787 7498 
4 7349 7866 7794 7645 
4 6620 7760 7649 7180 
4 5573 7739 7300 6888 
4 3712 7599 7227 6807 
4 1376 6507 5967 5748 
4 9862 6379 6072 5353 
4 9555 6345 5367 5256 
4 9346 5012 4963 4620 
4 7434 4274 4035 3953 
4 7365 3909 3741 3408 
4 7333 4113 3675 3481 
4 6748 4408 3478 3033 
4 6125 2474 2411 2251 
4 4906 2925 2171 1758 
4 2152 1402 1315 1267 
4 1099 1826 1189 410 
4 383 1005 237 190 
4 189 1489 553 503 
4 8493 244 9792 9544 
4 8064 262 9513 9493 
4 7835 107 9090 9018 
4 7459 8547 8122 7442 
4 7060 9066 8848 8377 
4 6917 9005 8844 8083 
4 6692 7893 7341 7287 
4 5409 7038 6679 6504 
4 5316 6723 5874 5432 
4 5294 7263 5750 5369 
4 4939 6014 5303 5217 
4 4211 5180 4988 4873 
4 2470 4782 4698 4530 
4 1949 4936 4341 4115 
4 1909 4288 4142 3975 
4 1235 4515 4110 3867 
4 1131 3731 3392 2930 
4 441 3528 2690 2249 
4 349 3354 2850 2739 
4 9737 2513 2327 1967 
4 8379 2316 2174 1977 
4 6457 1956 1860 1366 
4 4996 1263 1155 1042 
4 3949 2131 967 623 
4 3859 966 606 390 
4 3784 9244 9026 8292 
4 2382 9926 8788 7967 
4 1993 9677 9207 7831 
4 1799 7046 6771 6106 
4 1679 7380 7370 6368 
4 1230 6488 5688 5670 
4 831 7737 6025 5852 
4 361 5339 5138 4735 
4 9372 5111 4852 4531 
4 8726 4370 4306 4121 
4 8412 5193 4700 4436 
4 7507 4070 3552 3501 
4 5694 4850 3925 3848 
4 3247 3668 3283 3204 
4 2483 3560 3077 3009 
4 1335 2678 2521 2076 
4 782 2902 2262 1544 
4 509 1626 1070 1057 
4 9807 3374 832 9867 
4 8955 581 9872 9789 
4 6407 9563 9424 9219 
4 6233 9352 9160 9108 
4 5699 9039 8899 8657 
4 5051 8962 8878 8236 
4 4950 8586 8078 7913 
4 4675 8351 7891 7620 
4 4254 7539 7164 6706 
4 3394 6810 6044 5974 
4 2789 7288 6286 5956 
4 2579 5946 5914 5242 
4 2378 5894 5842 5692 
4 2324 5196 5129 4844 
4 227 5224 4353 4037 
4 9636 4756 4674 4005 
4 8461 3995 3918 3856 
4 5977 4492 4127 3666 
4 4979 3729 3172 3159 
4 3922 3066 2976 2371 
4 3639 2970 2630 2275 
4 3389 2067 1794 1733 
4 2386 2270 1421 1088 
4 1987 2084 1386 1083 
4 1553 1459 1294 1103 
4 9644 1008 505 277 
4 9557 119 9781 9763 
4 8731 979 9377 9174 
4 8602 9945 9728 8966 
4 7092 9130 9054 8181 
4 6371 8942 8526 8269 
4 4425 8774 8719 8016 
4 3385 8551 7979 7892 
4 2508 7681 7593 7352 
4 2030 7591 7587 7295 
4 794 7265 7254 7049 
4 491 7568 6979 6625 
4 8136 6837 6836 6610 
4 7820 6169 6120 5580 
4 7706 6388 6249 5302 
4 7627 6135 5185 5091 
4 7340 5289 4540 4503 
4 6254 5053 4993 4816 
4 5413 5054 4568 4119 
4 5266 4433 3638 3634 
4 4810 3598 3458 3366 
4 3008 2857 2744 2704 
4 2825 2838 2794 2666 
4 1918 3971 2001 1633 
4 1534 2468 2336 2225 
4 409 2178 2021 1328 
4 9282 785 704 614 
4 7832 715 612 601 
4 7712 254 187 9803 
4 5643 9729 9643 9621 
4 4978 9485 9437 9403 
4 4435 239 9392 9253 
4 1206 9199 8829 8792 
4 1063 9104 8708 8688 
4 9963 8995 8669 8399 
4 9159 8283 8007 7918 
4 8728 7635 7517 7207 
4 7408 7462 6975 6801 
4 7264 8107 6755 6687 
4 7243 6641 6599 6262 
4 7033 6548 6423 6099 
4 6480 6487 6100 5866 
4 5853 6062 5799 5781 
4 5840 5765 5660 5655 
4 5470 5768 5412 5358 
4 5361 4888 4429 4277 
4 5045 3948 3835 3683 
4 4807 3660 3640 3622 
4 4032 3820 3774 3565 
4 3144 3315 3260 3171 
4 3058 2972 2864 2796 
4 2884 2792 2724 2631 
4 2503 2605 2479 2244 
4 2166 2397 2208 2003 
4 1731 1981 1968 1655 
4 1610 1078 765 762 
4 437 2530 496 434 
4 9775 578 382 9989 
4 9070 1531 469 9982 
4 8778 681 9835 9593 
4 8570 9826 9727 9501 
4 8395 9364 9349 8781 
4 7915 8566 8550 8354 
4 7416 9596 8130 8127 
4 6901 8371 8124 7576 
4 6077 8095 7548 7143 
4 5508 6894 6501 6247 
4 4822 6191 6083 6045 
4 4758 5997 5802 5706 
4 4224 5306 4820 4608 
4 3636 4548 4411 4270 
4 2996 5420 4901 4570 
4 2500 4256 3943 3532 
4 2425 4138 3865 3320 
4 2330 3958 3234 2810 
4 8144 2763 2471 2194 
4 7789 2443 2109 1974 
4 7427 2391 1933 1698 
4 6853 1905 1871 1163 
4 3476 1623 838 810 
4 2769 808 619 561 
4 2206 504 363 295 
4 2170 775 455 250 
4 596 141 66 1 
4 111 9762 9750 9671 
4 9264 9627 8270 7709 
4 9218 9385 7999 7605 
4 8975 9115 8450 7478 
4 8361 7373 7124 6929 
4 8038 7080 6790 6764 
4 4376 6907 6566 6521 
4 4175 6869 6440 6348 
4 2520 6219 6131 6059 
4 9556 6338 6324 5996 
4 9436 6056 6029 5847 
4 7741 5867 5753 5746 
4 5983 5723 5715 5608 
4 5747 5582 5415 4924 
4 3717 4219 4010 3735 
4 3716 4345 3562 3554 
4 2808 3403 3284 3249 
4 2771 4154 3221 3192 
