507
1549 11
52239 47431 78457 39536 92602 36648 5245 52007 61854 98461 25013 
3216 11
81216 74598 74588 70762 20333 21563 14944 79179 9436 72361 66583 
8283 17
21288 75797 34666 69572 52552 81890 94482 96375 29584 93762 84177 91275 77395 778 93624 75951 13885 
3568 16
57089 38570 66803 1417 31134 3120 9324 37582 34112 5430 88971 38169 20511 15600 40438 99956 
9218 11
71906 23172 41448 8590 70639 27311 24201 68963 35538 89612 50339 
1970 11
30317 80411 49785 13325 60718 92429 35806 71777 60864 22341 17137 
3324 13
56075 98469 49851 27589 65658 16067 6316 77126 63905 63487 80630 23321 29258 
8505 19
51950 91543 75626 82264 70781 63958 99498 40259 80284 10869 86182 35399 62215 4848 44883 68405 68816 53693 64527 
3883 15
81808 44369 73083 97903 33589 48709 52270 51928 42944 24416 73176 45299 99574 60726 22713 
1403 12
60650 68456 10231 55951 80403 59518 74162 58077 42019 94238 40767 8000 
53 11
19871 45897 2478 60488 1061 70968 67042 56156 61098 42293 27198 
5263 17
73291 34601 15260 64389 38744 35600 83457 36344 21385 805 41725 37405 63602 32725 78398 27573 90365 
4963 18
99629 28048 34875 28802 47826 32355 62023 21883 61153 13355 21360 67334 36289 99191 39937 44372 31380 42460 
6355 16
97645 41965 33872 70258 20133 84084 65387 94618 50907 17030 62766 56480 31177 44783 10185 91485 
9286 19
26395 50225 86477 26962 87900 66849 44411 43336 11219 12145 5441 4490 4073 27276 33249 91755 61292 78822 99937 
4297 19
41818 40293 7838 40342 71757 77693 28652 25838 75660 8519 10514 85081 19612 81533 55765 596 50128 35826 5924 
6754 12
48874 16462 73946 69574 57188 6136 64971 54195 47046 9716 60674 38055 
3340 18
89643 82696 96673 54815 23964 77225 8177 76201 37866 7453 31484 66710 34884 64382 45755 46621 33191 1489 
7571 18
47873 32320 86307 14748 78861 84042 77627 25497 14527 46106 50211 20278 38860 94825 35514 92146 98311 81760 
8404 10
13529 44882 38866 96954 82120 37115 91728 36801 13368 58196 
2359 15
9508 55889 60259 14067 78319 30503 98686 63497 83803 19053 20678 28632 12451 52615 85810 
6779 18
96152 42236 97360 81514 80698 32041 23458 26920 17379 64219 28854 55496 41851 47812 2282 47364 64426 24773 
2376 19
20487 88182 5633 12138 54962 15707 24430 91467 75624 98333 10170 52992 49492 42899 37443 93898 23742 77479 1632 
2297 17
32352 98491 19238 67018 61759 74118 54343 20451 72402 48161 5511 6718 42504 70960 26037 34902 44219 
7995 17
76518 7514 78404 25285 77993 19974 95027 30852 72285 28990 47295 5768 64041 55364 74621 38128 96627 
7259 16
28997 72463 70983 5724 14752 76191 32807 65832 25195 44513 28395 76989 40686 14943 40291 28376 
3301 20
25109 89106 1990 31788 96993 19561 8738 16442 40547 4023 4947 38908 19556 92476 2972 87044 71697 17449 35755 70229 
6979 19
89839 41474 32591 40294 57859 71799 71246 93347 41412 21211 30325 25493 15498 8991 43631 3425 18600 22906 76206 
8673 17
36169 19193 30594 85016 49726 41820 26241 65759 2635 55372 39802 42713 49139 5764 66372 55022 90983 
122 10
89613 22078 98090 37843 47800 78834 12344 70053 13385 55902 
4431 20
55114 28784 60032 7277 63847 41381 17664 91132 86464 5799 74076 27275 18859 41337 55444 45797 79125 57498 38796 14772 
3418 15
19757 8222 92780 21134 78891 98243 4314 39322 12207 65342 67750 37794 96870 28143 48325 
1476 17
47921 36162 67602 57158 72019 80283 96318 81097 86219 75901 67690 71712 97603 1961 97715 19419 62389 
1044 14
60239 32697 36160 46398 51997 46663 35191 47616 94797 72992 14907 60159 2081 60633 
5999 14
96427 11566 50054 21000 10128 59137 70701 33623 41739 75402 42056 89070 75664 69509 
5835 10
6703 24979 73781 30382 78040 89745 48697 93577 67862 93568 
201 14
36432 22782 41939 71461 45238 55418 16015 71506 97865 43702 59402 37292 10122 9003 
7791 18
23942 27113 54133 35109 83007 41427 75810 87331 49959 81321 87958 48237 26638 84014 32187 91641 81874 93181 
3156 17
60921 70022 41816 44433 17659 48445 93278 41314 20300 18056 82727 50115 5883 69169 68184 43827 94725 
3318 13
76786 43084 69979 1598 61006 58059 15194 32281 94732 86023 45513 22250 80271 
832 18
86392 98497 29746 26078 76482 42719 89198 3870 4567 54441 4118 53142 17213 12923 44419 85275 75680 29059 
5437 18
58359 29133 84137 62156 75118 39244 78972 63416 94845 40517 90727 10326 36537 70941 99313 46209 49865 37541 
1470 16
23366 80351 14903 65082 11762 88669 95132 40701 76277 12250 50506 58597 42391 55394 25241 91232 
2898 13
4151 27128 3733 18833 39434 26924 15175 31889 73496 8979 69486 40590 96321 
2610 20
1382 65479 61304 49113 77032 48043 39325 89240 66708 4174 7820 74761 25060 53356 52297 30494 11071 10458 48745 71113 
1656 18
93771 35245 19251 61273 25507 88168 87475 86226 72509 24609 1053 44711 43936 37811 60616 23470 65224 97291 
8530 20
11503 81373 87719 5892 26138 53582 59089 88957 32631 2304 20859 16064 42760 19448 98024 99723 22968 96213 27044 82458 
2006 13
94498 96323 16873 36998 3964 20664 88446 79411 27157 42790 96719 75657 42447 
7956 16
23650 83790 34990 86621 25103 2365 19498 11082 59305 43098 99270 76310 39793 8361 89710 91358 
1760 10
5901 39132 49620 14830 22422 40929 58487 82880 46805 28953 
8384 20
29310 76168 27699 71023 90223 79781 84313 24067 67329 15212 84933 67804 45614 54344 4986 37923 69826 34713 81966 89482 
6464 17
78557 58880 71231 73743 49221 42483 37271 70117 7568 84763 66338 51166 88610 42093 7421 19163 8972 
6299 12
70426 26214 34082 27430 5192 88770 26663 11206 19280 92565 756 37835 
3788 19
5704 20309 54384 94356 98751 89413 67305 54710 91594 99265 18810 20704 45294 89924 4613 26619 94641 79613 35027 
3921 17
46074 76490 43430 60181 45079 1420 43480 61771 15053 14659 63852 89556 89729 54401 86890 85820 74507 
7974 13
59320 26314 27448 26355 45484 36882 71379 76647 20571 74034 46166 46572 88310 
1630 10
4576 84827 44063 74771 30501 82512 36035 85785 20363 14764 
6915 11
65488 39955 36036 74797 94434 5398 42644 29988 85197 71522 85422 
7673 15
94213 94684 79896 3346 86700 82362 52006 33619 6644 99132 85973 64448 68285 50561 63693 
8174 17
61041 77403 52739 13926 1372 609 96761 70808 86736 17294 21511 28054 25361 89563 70524 16501 31207 
6550 19
94970 97138 10051 35700 31067 49892 65313 11530 97857 7958 93066 63103 12759 33058 80912 57286 85050 57527 16395 
9139 17
64792 72003 42268 33621 15943 9723 95334 92274 10873 71303 14898 6884 58246 23623 87919 84966 93889 
8098 11
52912 86941 35499 83543 6241 32178 78523 48510 45918 7982 98316 
6937 20
47247 36164 80846 97743 63659 60107 85692 33859 15426 26012 90470 96138 2814 64550 20272 89923 62652 62072 44769 6552 
7468 12
37412 6968 82111 71658 85876 33073 68262 26244 44624 96293 13598 67830 
3970 14
1978 74394 58686 81727 88203 84154 55513 2949 90280 55053 80384 32750 37441 3427 
5222 19
80462 54397 41400 10641 87267 98254 17264 59049 68892 83599 59752 26173 9465 97060 76267 93170 4876 48701 24693 
1307 18
46815 23465 40496 72959 33850 60016 52535 1529 77218 75297 48817 37105 24787 54991 76167 82495 30185 86902 
8176 13
57667 9621 899 91599 18106 44656 40020 14198 42862 16290 86706 14628 16355 
1448 14
89811 53233 91418 45379 95566 14370 97191 46160 88725 92889 88507 45990 61385 52876 
1559 13
48838 83093 90715 51878 52328 13735 44809 57844 91615 49428 21448 94008 32310 
1331 17
69820 69818 38127 59676 12924 25333 72124 53581 3541 86946 72349 81015 31281 36055 41770 59974 82656 
8300 12
33813 54196 41532 62377 92704 73038 31408 60051 10836 51039 15770 9754 
9336 15
31985 4034 50935 14610 18601 7095 66404 89465 76358 77454 95682 18473 70375 98817 69072 
5483 20
61410 471 64670 43895 71115 56583 90682 54838 19870 6052 58692 79057 27152 72869 3007 70522 48618 85428 31651 53064 
7584 17
39153 99672 8135 21488 40246 72986 64265 1783 75741 51486 18981 86386 23420 62506 71995 92705 17949 
6152 14
28053 5991 71306 14160 6747 94538 6315 3713 75597 71362 23049 16806 24180 33034 
6636 15
42641 997 71874 5454 54092 97223 34089 1816 60066 95361 75695 47875 47982 88953 32592 
5183 16
77213 16578 45499 15272 12674 87588 30363 40603 98307 96415 67503 34946 4666 58191 1046 15475 
1415 12
36581 60818 59570 86353 12331 77295 67311 89423 83073 35560 11057 18746 
8691 20
48126 46058 1012 33992 55052 80049 35565 87419 18437 15480 78477 20152 50247 78715 55714 29434 85175 15371 11153 59290 
6717 20
81339 36096 18367 33661 74352 14982 2492 95454 41992 83653 32544 68371 87993 18904 26392 40088 25539 52310 28162 62589 
416 17
27052 96196 71411 80870 58698 61397 57140 78548 10280 82929 19674 84065 97542 348 1508 34561 85782 
8122 10
93479 98957 6121 22757 55650 93036 99042 62802 53274 70857 
8534 13
84520 37898 93623 17498 84302 57696 80071 74239 86509 77373 33987 29668 88065 
984 18
5364 20155 38364 55512 64584 3149 10131 98443 62866 3243 78657 26821 43392 43599 29093 73305 67207 99627 
6559 14
99683 85010 20328 59253 77860 69005 79197 63406 54466 79134 16951 32993 43420 60536 
6732 20
68300 64978 63448 18926 51248 28875 41210 93576 54041 13724 15518 5703 20435 73562 42076 1786 6926 11427 29216 8321 
6957 15
41944 72670 69907 32686 23121 89883 94880 8280 35443 29776 97950 4446 93239 16211 51669 
5853 17
45690 74745 69503 15189 86337 95766 35992 74376 46472 40237 98161 7334 52055 26098 78738 71022 51319 
2651 16
87520 40436 69343 6709 84919 33345 15485 51735 90615 34930 303 66504 87639 35995 98402 89695 
6934 13
48481 98240 74367 16373 61838 32950 31381 71508 86885 53983 24894 8692 37761 
8149 10
16863 79950 87508 71560 59349 39297 11281 46288 42728 88199 
5285 15
2419 88880 33018 41032 66260 64457 67607 26087 669 31780 71759 84286 39323 17578 83059 
1843 16
76691 55459 79895 54642 20750 15645 43019 92956 36624 45113 6511 60475 62212 52837 87532 28056 
3613 20
37763 43355 30742 55759 4461 14696 64790 44158 68941 4368 28634 91166 77609 26915 25581 27244 19254 31038 63209 21856 
1269 13
88351 83339 43551 83487 16327 69219 42034 65460 21019 84144 65737 31493 7718 
7046 16
68407 80987 59209 20076 90356 78957 19097 86474 9189 25156 97324 12637 78128 47103 57174 3432 
8795 18
47816 36151 89427 30617 31898 51607 7588 75616 72714 7515 35653 81608 33606 24629 34827 20115 11887 19282 
6644 20
89990 62465 5281 47332 52990 87633 79918 60249 35676 34217 91504 2164 10816 32722 59710 43182 39066 67532 73905 34688 
498 14
75135 77897 72849 38688 11241 85390 4651 55274 80075 74383 14276 84687 95302 64733 
8633 18
67844 8506 71976 44818 9625 24125 39974 98111 66129 65450 45900 6963 24477 46064 53911 46131 38962 31777 
8109 12
66840 10811 75268 5407 34450 42969 31540 23360 42782 59017 36052 52339 
2269 20
13151 68373 36013 77141 83406 54550 7341 37632 27432 25367 24443 96431 16400 77337 54049 48995 21349 79711 60244 96225 
7308 16
10896 21713 75913 48460 67249 11678 56598 78871 24598 24479 38808 97823 29482 31752 54440 40867 
9146 10
3122 72429 39507 22583 41164 67219 89996 85927 98259 16783 
6418 19
14997 77682 22844 79744 82879 91998 96150 57577 75744 3708 39035 4176 71901 55251 7124 81382 99717 36770 55802 
8663 11
9850 6134 8726 17711 49876 38608 60655 43539 56195 97554 87246 
1488 13
24347 5672 94462 22695 39288 94939 1762 80258 33891 32887 97224 14619 37975 
436 17
41981 63990 73634 30423 15140 94503 96497 6930 20540 86715 11589 65951 48725 58907 78386 57743 6619 
1949 20
24096 18968 82966 71256 98832 52845 2883 63589 5658 7767 96757 99572 99686 77607 75188 21318 29512 46254 41367 1416 
7021 16
8126 69638 66024 19902 71524 34954 71094 39880 15673 84776 65056 14586 93967 58903 78444 86633 
111 14
70445 1692 38153 55457 20320 15253 61427 1559 40466 79430 45472 8792 78382 97759 
9855 19
60258 74200 83257 45533 55738 34698 84226 14014 94033 64392 21342 79077 31629 2999 56073 18568 51479 24583 69233 
7038 15
61179 99644 64379 87874 80352 22970 34793 74706 3068 11272 45102 70019 43484 16268 19777 
1296 11
80466 19174 88340 88752 28937 9005 26826 95303 84642 45191 95991 
6829 18
54721 9010 74908 27337 83846 60881 60934 45522 25090 6498 68828 11981 2609 29348 69860 50086 34523 11544 
9255 14
80757 17705 54473 12490 14871 40739 1875 29485 19731 33025 69499 87929 10121 82545 
1349 19
28366 22375 94002 45850 11511 19353 74174 82237 75381 17539 56202 42110 32056 50069 8164 86640 63894 44508 75694 
2074 17
34582 26233 72944 59350 9542 93740 97607 11830 69436 99422 44979 65019 98036 22159 96591 9539 51412 
1459 10
935 22510 51146 70489 37665 27701 43644 31858 1646 78474 
1737 18
11483 75184 75599 7055 24216 38352 41108 1912 35667 75169 18610 63090 10209 39513 96574 74518 28258 7610 
9302 18
44023 23442 31657 39129 22657 15916 24685 46052 20060 6648 16179 8397 83431 85456 43289 85673 38601 35617 
4724 10
84899 70830 45997 30970 89948 93002 88888 61668 27207 10120 
4032 16
62227 59059 75291 92981 68112 51048 35908 32155 40324 14852 66853 7520 96724 52001 20194 42375 
9800 20
29458 21735 37308 50977 62670 39110 72219 83343 72334 97820 62235 42314 23887 27170 4382 16573 84088 65584 29173 87909 
4472 12
11639 22 68847 35070 77229 24982 44076 74212 96709 91501 6311 13360 
4717 19
56201 65413 2654 29078 36568 51880 3319 86264 68665 67252 43891 61195 61563 81351 28190 26828 49956 12998 79767 
9956 12
84525 73679 97509 38387 83481 46911 26478 32066 882 86895 39065 51185 
9124 18
32653 44053 62522 20981 15298 21421 68026 43429 94572 12780 12191 92903 40886 79060 15162 60377 72526 17411 
1568 14
97741 59420 89399 91789 42221 34664 88410 88676 28304 97471 11564 4870 43656 53185 
6612 17
61274 26840 51976 22393 3698 11996 90289 91424 64075 60509 63998 41036 56585 56700 21810 1584 53430 
3139 14
10883 72299 39342 89178 30075 31626 89733 82019 38151 53065 31857 71431 42701 37825 
5968 11
34276 45326 15547 53808 17157 25980 92878 19106 52656 72515 24225 
3444 14
37457 44469 82303 48528 58910 28590 68979 36044 41648 69317 39250 98937 17112 80839 
5299 11
54506 93645 98286 55542 50784 30447 86125 60588 79448 26872 24657 
9316 16
5807 70147 99852 47309 82906 37623 47249 75727 83085 33100 43322 78016 42636 19434 85069 23358 
5523 18
74547 82572 20012 37009 89131 33580 80571 36834 48363 44354 65454 67081 31078 64293 17531 95018 31675 18711 
3428 18
612 47401 28439 69864 36727 51354 44929 88298 49856 97430 49358 56796 53296 25787 87468 63123 39161 61709 
4065 15
69141 69244 43537 90021 43277 18030 33951 16624 59940 44996 9496 6561 86029 50234 99292 
9686 17
12234 58585 1739 19857 67539 67202 98885 18898 4984 65300 92969 3052 66874 89718 91702 29417 65441 
5339 19
74857 8649 63380 97317 93773 61805 72427 57668 56296 82022 11166 58639 40789 57166 68007 42866 21895 58878 12125 
3124 13
99244 31431 99456 1683 57835 79809 42065 11593 4303 89360 45851 24803 7441 
4758 19
41803 61417 26076 4552 94218 63986 71749 2686 74497 91216 47525 54287 2051 92408 33654 24709 23928 99010 84347 
693 15
30884 79029 18233 77061 24973 66704 34392 66038 32671 38587 84908 98204 39490 52967 70660 
5250 16
53617 3481 87580 77412 7011 36612 71929 31086 62578 87670 53051 86246 29546 95426 49622 16310 
6309 19
11607 87322 80460 82507 45999 38955 75658 93976 21737 86093 96428 14653 17753 26640 38032 48809 95246 95180 63596 
3552 16
43720 31819 89918 68779 4127 85967 42 12167 69434 15879 53591 77022 64890 46670 39157 58989 
666 18
9951 99567 30881 21912 71517 26993 14705 6572 57487 58181 13783 67875 2834 92957 36233 14885 25193 74264 
8260 13
8391 43255 81941 63560 47005 35133 92119 2337 83122 75316 3518 59725 87805 
5811 18
85320 74557 27102 6893 35642 45346 50897 25826 17872 73954 99537 13126 74209 1668 30850 72936 97719 72787 
5147 16
22453 7494 53547 25915 72544 76297 35705 62803 44093 3587 11510 88450 98183 5397 4505 72695 
8696 20
35619 45104 44776 86267 17085 89554 3876 87902 38304 24855 77630 82092 78115 2284 82577 94634 66416 42488 5076 65791 
5287 20
25182 28737 85930 45300 80276 27536 3206 10141 84768 69034 3028 70320 7137 74984 74627 8987 25386 61540 6389 78017 
5397 17
53613 46379 25888 53554 78555 3816 98963 53189 54150 71639 27789 5699 77282 94475 90129 15078 73351 
350 12
63551 16689 4757 28363 2565 10810 43238 77936 8204 39345 55647 34408 
171 18
1041 76712 14190 96439 98551 83172 6770 28062 96480 19756 25686 93834 46997 33601 77844 8249 43211 52473 
483 19
82157 22428 31983 6826 28793 72158 55175 96505 76401 64702 95567 13374 60976 31641 33160 35897 85773 23936 32841 
1668 19
80410 44718 9362 36335 24030 55783 58743 88494 67446 45921 46296 40392 71723 97548 21420 77215 17657 54122 77181 
9298 17
54793 58005 33256 36779 73334 62084 15972 47822 55680 69121 72773 39454 70235 69516 34485 26414 31280 
9294 20
42080 72711 16973 96726 23597 68640 97076 42870 89243 7009 57516 37909 747 37479 48181 54341 59429 87581 33522 57295 
8651 16
25462 11361 39193 18893 89367 67789 39508 50717 49211 49212 40752 97194 51171 39478 43346 29347 
7729 18
24647 28235 31058 43920 4197 6685 15638 80885 25440 16001 86053 5343 54159 31033 72099 89627 15641 74182 
9108 14
67184 69876 97664 3767 2947 44442 42463 87785 10878 5784 14044 85237 45545 21047 
2394 19
47576 34607 94214 40639 96142 36757 83514 1998 63799 25967 43263 95029 73569 6758 20575 12871 36193 9796 29201 
1785 19
75745 13637 71438 25081 83641 89629 23466 20710 28923 72860 2644 8805 70753 65211 35779 23543 4612 67301 26014 
853 18
6295 91403 59277 32160 83199 56000 28523 35198 32916 89060 29122 12851 13958 57405 11000 78235 22336 26715 
443 17
87797 64990 37035 3727 5945 95909 42772 21264 33760 41537 33594 85483 95877 76426 86652 10909 37258 
8617 14
27336 12078 70208 80572 65001 89450 56222 27070 53656 58113 96366 24555 73616 62826 
6386 10
11094 19711 2109 49757 67054 59511 71764 17594 22813 9874 
9128 18
26264 20291 77778 14032 6199 22056 76510 50738 59735 41170 48531 56152 90595 43449 6763 88368 76763 66290 
6662 14
33638 44556 64323 46197 22401 2576 53378 67410 59662 77505 11990 95718 63706 65002 
8730 14
29795 80550 99517 78006 28565 99587 70577 95584 63838 97591 3066 38448 54180 17254 
9927 12
15046 62049 62499 74206 79480 25242 30544 6861 6495 87095 75180 79254 
6202 14
35878 47571 3489 73534 70036 69527 37978 87037 92835 18657 81666 32439 26051 88430 
1555 18
84057 22605 10250 54372 16113 83990 35507 6024 93744 6096 57008 59340 13741 11313 4985 23692 21476 43350 
9413 17
78612 127 9212 87152 21171 77867 56866 41002 70530 98988 49797 49055 37757 8928 41591 43304 77804 
6772 12
95671 19919 86445 24112 75938 62509 23500 88834 90050 95512 46842 68161 
2386 13
29437 99353 68008 17124 75001 3100 71459 75808 79983 82456 35659 74830 59997 
311 16
99037 51679 25499 61621 90667 14278 77658 294 9234 62846 37806 12715 81915 98158 16057 23380 
6493 10
18975 82563 75107 88148 56683 17080 80393 92547 95151 24233 
8615 15
36274 60833 6437 45706 53492 92221 45337 53634 27558 38768 20740 96694 93148 87388 28285 
6442 17
27191 71791 82710 38770 20785 83160 25017 11660 81761 36183 71284 73213 11172 69280 6299 52025 36383 
7042 17
60582 42074 72464 37687 64879 38712 77640 24343 94727 18110 79123 87349 18938 1911 92896 27467 69648 
3065 15
27791 36925 88681 46943 57679 61023 9538 13897 57157 57986 78668 54699 72236 18806 67243 
9447 20
38493 70663 38593 673 76262 410 89681 38320 34612 76725 33653 90735 98621 61857 42871 20351 83518 38150 14339 63821 
2985 18
25908 81301 84959 23427 60130 85650 61028 31850 94195 84273 34879 95068 43834 96818 73927 33431 51017 18528 
458 17
48823 30142 15900 31129 56783 97306 52949 43977 28797 80536 16259 11323 50016 28423 128 45076 62355 
6866 15
64764 31645 25496 9448 91843 5166 8553 30622 55404 79346 65174 91368 4819 98480 91496 
4194 13
40861 16943 13128 73906 53815 56177 77193 66263 54420 21300 23520 7184 19288 
2901 18
21422 6452 19814 20707 25691 55482 32616 94766 67673 12040 88634 58807 34002 32970 85111 16397 71126 55760 
6760 17
58782 39307 18940 55649 84077 77028 92406 62767 98616 85057 950 1126 76560 44692 65570 55458 52244 
2919 18
66105 2194 92778 54171 36953 45296 26334 37464 81202 22402 832 36354 22673 86866 41339 35907 43217 43173 
8279 10
63029 73237 11213 96414 98543 32039 79437 63624 82502 24737 
3993 14
47019 56292 58199 92861 21837 89549 63237 57768 4313 22861 80554 60365 50285 43520 
6236 20
95663 46152 89336 72514 26472 74537 37495 85494 49075 43916 71100 88550 89773 67257 89011 6736 31748 23755 21997 97316 
4730 17
10529 76599 49594 66066 87813 76991 40011 33724 67578 70758 60736 68770 58981 70749 31199 60544 9219 
7026 18
23830 89158 71221 40458 34018 75105 6916 7860 21756 45019 33688 20501 36760 47326 28224 59233 33196 2780 
9462 10
68769 56908 45433 89891 59697 79665 28848 72503 15540 60482 
349 19
83215 64201 17897 92378 49971 10212 55168 56492 71808 20469 87536 18167 97265 93253 39545 59352 73350 99807 34171 
8050 16
68239 93694 18693 42059 37194 39647 50751 70363 63540 12728 813 24179 36105 63265 3975 78373 
993 18
37640 5913 15551 93522 98506 73163 73605 98571 82869 96099 1939 76936 61584 62743 3923 2896 81791 83276 
1207 15
79181 97222 57280 13873 38583 29096 49805 48526 80465 70794 54540 46375 39224 76575 80714 
3556 13
94722 50333 47632 21007 3563 73588 52999 63910 8144 48648 23675 65954 92042 
7052 12
27824 58635 83861 64839 69910 62402 84321 79572 69557 87600 33603 79005 
6241 17
40462 36531 42960 25240 54471 21600 74814 40351 66575 48146 12416 61451 13562 66639 98014 86442 88617 
5551 20
2017 82686 16393 42531 49872 40140 25876 2528 46752 53504 96884 2612 12935 42489 29773 99068 69726 35382 61909 30948 
4914 10
156 72650 78860 51134 26633 98086 16410 65108 89836 64661 
8252 20
15644 24053 43887 1999 37139 22870 75849 95482 36026 70777 48007 41332 23250 36571 62528 7933 82089 29847 3773 66036 
3953 16
78057 66720 51407 54495 88667 95826 11603 95955 64015 64680 38261 15550 80813 28280 19290 8169 
1348 17
19371 53262 13098 39422 90465 58518 6111 27379 41574 65834 10838 56091 90943 73329 9142 55706 81953 
4747 15
39334 18335 85373 90051 99026 37252 38173 62706 23270 83455 66118 88551 77851 67265 73658 
2096 15
16507 46189 68033 46889 31719 41407 50863 92079 34037 49534 68181 64529 85637 29115 90985 
6115 18
63877 83165 74708 46716 63246 1292 68866 8724 77082 28690 31377 25374 87223 30659 20120 37543 61183 7852 
8303 10
74081 75871 65494 15817 34574 86922 97887 38797 10372 99530 
20 17
79689 45286 88220 54544 37314 92494 17453 60514 83263 6642 46404 70902 21904 54112 68344 99671 56269 
2848 11
31963 69102 58578 98293 33192 77165 28308 65442 74347 83820 50366 
5357 16
30926 28226 86311 61566 49688 23666 61616 69433 2897 29070 41159 14299 88026 41964 15395 86499 
8887 18
19827 12560 89506 96383 42539 41297 74971 45450 67211 80223 73556 63045 69321 26988 19482 50060 87881 6956 
5434 13
27595 90886 24010 11018 42230 88996 59957 24601 76683 11851 79426 89994 47199 
8392 15
69215 80643 41824 29951 42060 20066 99981 6519 28228 96946 32513 95714 96203 2231 36885 
1491 10
26376 64376 46948 40610 89224 32804 72736 36866 40304 52258 
3290 17
23482 82662 90740 18661 76 33484 84907 81172 43961 93512 17413 10959 14447 91742 28385 3676 79759 
1989 13
61260 79182 39893 85142 89037 24761 80644 60870 97175 51836 64154 53033 70849 
1045 20
17105 25087 20595 95978 77344 63622 90560 21886 41485 54028 20566 44114 43439 87873 56316 91949 29992 39892 38313 49560 
8243 10
19476 61019 78655 638 57482 81504 93152 40459 63983 3259 
5589 13
28172 30920 93461 16716 18607 63705 41680 8447 59911 7436 59009 32515 99825 
9738 12
67808 40248 57908 65988 61396 5879 99559 49316 90910 91283 61321 77572 
4637 18
63609 28299 26142 46712 95262 16353 59528 50684 78679 72198 48895 96659 67409 54237 89342 58115 89102 20123 
5948 13
80915 42117 4378 62993 57115 37934 28857 21026 33742 84791 50950 94212 73319 
8005 19
66483 43568 69565 63014 54867 7518 80374 38757 58998 22715 2171 98798 11769 59779 50403 63729 75201 44049 71358 
3399 16
28034 35814 10465 74295 82928 40973 31740 64165 36676 37944 48438 35323 19469 22569 61191 76703 
1800 11
62554 51532 24025 29997 39404 31341 97417 88329 62440 75484 37546 
9460 13
2404 22338 72555 66906 87693 87181 10043 94677 3868 19632 60724 27752 43007 
7515 11
32060 77803 32430 61005 13034 63763 1370 35357 5656 85042 27885 
684 16
59709 47959 96289 89530 3569 18534 62168 77143 76404 29962 7471 90353 78566 17968 75396 63941 
79 13
5547 40712 75224 20294 15601 95827 81522 68010 9743 3069 34003 17409 92238 
3720 15
39381 46806 19264 60814 32015 63846 94835 35343 11291 84943 31747 47043 85826 73304 41114 
3586 13
57227 71835 69041 69328 44102 40780 7837 5869 43105 15365 86665 74127 66498 
8870 10
35629 92039 93405 97506 81469 18761 9805 44939 12501 50887 
4871 19
920 12492 79041 29616 52743 42134 10014 2030 11543 55914 58146 68337 17652 50357 98377 18945 17164 66996 72701 
8791 18
77912 7524 86695 7772 91907 68515 10195 32205 58323 55805 40812 99958 73654 5851 95022 67079 27407 89708 
1097 10
74675 41182 19570 36934 17246 38974 67248 84461 76006 62296 
2097 16
71974 13950 4479 36914 56512 59220 99396 58614 95184 70408 55915 30639 19472 72902 35119 84576 
7555 11
80645 59433 9913 34991 98853 49271 33388 28735 93960 62262 31057 
9 17
83907 31528 35949 67053 75171 90178 23584 64402 83380 95375 21205 15538 51373 91115 18888 32264 72742 
601 11
35850 55818 94757 67317 26911 71690 77085 5774 89734 41848 63440 
650 14
88226 4701 26135 68353 59551 78483 50898 68345 60100 18275 44740 61008 33694 78383 
7010 13
3374 50049 76342 73618 32844 36326 84419 76992 6527 88013 33506 7866 9494 
8958 15
35279 63505 37144 60861 406 59386 19992 60567 55120 12006 9150 56082 37090 68824 55618 
8079 13
42415 82065 61137 78690 14251 18718 40346 81894 8205 41092 7197 78175 21614 
7285 13
40018 63576 89313 26738 11089 73564 5389 74374 69891 83724 81492 65547 24772 
2998 16
3616 16572 31009 41318 13822 95424 71448 88364 26160 12141 1070 42006 59790 14986 26729 87616 
5291 15
84149 34906 61936 57167 59522 76501 84620 70384 38170 80916 28149 56315 90668 14817 65915 
627 20
74570 6016 49106 41993 94802 39432 20137 76493 13907 46427 61874 92874 60226 60962 18989 17668 47618 75802 52170 38799 
7351 17
54109 67279 72240 58439 61674 34023 72391 40042 38075 13311 36168 23973 22850 14182 3102 96421 28531 
4631 19
80045 80217 49982 43970 9577 98260 49649 66446 52408 56132 15196 40434 85608 80023 74390 6866 489 12505 63708 
4618 16
5242 12430 78103 62124 44069 49356 18713 73190 39285 56330 63734 86718 97876 74901 99623 95468 
5851 20
8445 79965 3982 23556 21720 87530 56563 30381 12513 17291 95728 45502 85653 3163 21555 35601 99002 21719 50129 16980 
1249 9
87288 43004 81969 60004 24923 13016 70255 10207 76800 
3815 17
14465 42691 7154 46480 77166 23933 92909 61699 17945 60964 32339 4154 51966 46374 34414 77528 63161 
6679 16
65843 32194 80781 31872 78144 67448 29223 65611 82681 47119 35817 83887 72151 36508 25368 55721 
8249 10
37418 47985 91503 28731 96403 92133 65543 38780 57437 34308 
673 19
73053 37068 58881 17215 46508 72520 50079 96349 29444 44256 93437 59134 42583 92933 97092 20178 4694 74144 65306 
7327 15
97546 91198 10089 2444 91892 66385 62968 5377 72011 85856 7209 89861 69788 23059 56397 
5912 15
58401 77245 7871 88435 63121 99381 14229 56772 17694 36075 35156 13665 55233 96622 4145 
3871 16
93037 83757 34264 38562 67022 52692 98821 67314 93465 36057 6198 86380 2283 60672 29774 68647 
7293 14
12574 14667 70986 49312 39981 51647 3704 36429 49885 14763 57054 73884 13465 44087 
1131 16
59249 27654 1711 29938 10202 76179 57994 46634 84936 77562 77825 51954 90313 63375 84751 48814 
526 14
87714 67485 29292 2504 33586 16110 98157 9200 69570 54307 62761 16735 33981 1491 
2816 15
10524 22929 45160 73720 28229 14992 98923 81484 55708 1099 43990 89434 48063 89651 38634 
8442 15
24532 27227 60925 4402 56021 21380 94676 3051 6592 57194 44710 85364 94525 33149 84745 
4193 12
82470 16068 8596 51587 29869 58278 52011 97482 99564 34675 49397 24403 
897 15
3370 19537 89915 44446 35768 30177 90241 31964 6362 43187 92813 64407 13632 85252 71146 
2504 15
449 22770 34013 53082 33155 70525 86931 83227 56410 7223 95592 370 67989 48916 24035 
9772 16
45682 10161 77264 41179 10639 18994 71956 39849 1331 12919 34725 70656 95372 90925 20394 63725 
868 18
71352 20414 52243 47902 44131 17941 98580 50525 50252 89428 42156 55200 38056 4267 19436 48775 26508 4022 
1984 9
41551 29613 12902 33464 33105 92038 32744 60456 80178 
521 14
57801 7326 82837 88648 85149 53166 61408 4233 76673 2254 35549 2059 84559 11261 
1262 19
59548 37217 91379 52936 12010 99440 21917 89874 28974 81930 93039 89597 60418 97293 91993 63823 15082 4865 76659 
184 18
33542 80850 64993 69535 30330 66491 29786 33259 31799 56326 71043 34924 21874 87278 98043 33146 19888 40236 
3957 14
58342 59251 31778 35096 69539 94704 57425 80855 51174 66732 51680 62852 47833 7543 
2732 13
98643 96872 34513 60437 48868 58308 55683 61549 12612 45352 30026 16158 32601 
2510 11
20151 88952 51299 90510 94567 68356 58544 39652 58393 19813 70989 
4160 10
57938 55481 97538 45332 97979 49384 87595 2923 33134 52496 
8490 13
12447 70466 48919 72199 50163 75442 52199 82276 6067 6575 74268 5462 1738 
3455 16
30918 33632 68755 25114 51264 26094 59195 90561 82940 26454 66719 67700 88309 57182 15838 86518 
8190 15
46345 82179 63055 86973 71534 42732 33263 84964 71017 14996 56899 56861 69522 26622 60097 
1698 14
94993 79537 71999 44856 22986 21794 76181 63603 86634 86330 63002 42802 42392 45256 
4705 17
37941 9691 19051 51664 92431 71928 26982 33664 24661 95102 66365 29112 15961 28939 58350 46654 27498 
8222 12
40631 56920 89187 98195 45179 96763 82830 80975 52797 63316 5394 32921 
2346 10
90784 22001 38852 62638 23022 5214 75265 33916 90132 2355 
7101 18
91494 2410 38707 51475 39203 32767 40947 6310 80942 24687 1131 57753 25994 11319 69665 27529 64226 92569 
4245 11
47418 13323 27749 30077 13249 1261 62112 30999 95230 58098 51737 
4151 19
2007 81026 90768 4716 64586 80372 16075 50777 87260 13876 94044 1414 4371 55596 21082 4293 83535 61369 23247 
1397 19
17529 14265 45733 65433 50055 83582 56640 1422 62582 13136 29597 11232 73566 80506 18788 92248 95221 66665 36689 
1752 19
34219 226 97137 83265 63175 32922 3970 30714 50923 66285 6294 67044 88425 14089 78980 40002 3907 56345 70743 
8181 18
82963 39996 15098 76450 80560 83126 49564 56979 34337 7259 52171 23141 74272 59532 29408 37489 56597 40430 
4 12
89089 50423 75782 24927 84490 7521 88055 39112 7431 3437 14116 16808 
6871 20
40071 599 47629 87851 67662 31515 12282 59306 42836 75548 36149 80127 74615 74736 16615 59246 66013 21581 39044 13601 
1864 14
30623 34568 78112 35086 80808 46864 18625 94551 54703 96511 52248 22717 43957 33943 
6129 11
76567 10774 18743 21030 92605 85677 14224 43174 65399 60913 95606 
9761 11
91084 54689 97918 87866 97684 74259 28058 91986 61586 3750 55044 
5724 17
83428 63547 24578 72830 21401 8025 43701 12844 16663 13122 89956 53478 4331 91251 93722 19536 64761 
3359 14
60622 10427 88827 42643 121 60390 67275 21187 85157 35819 29653 98757 4629 83642 
7384 16
68034 13395 24652 95648 22345 72666 62313 32486 88240 56831 81332 82847 31705 87360 12128 56319 
5133 16
64838 28588 26207 20136 99482 93696 38288 48956 96547 10317 58590 14061 17263 11041 6293 92591 
2086 8
71240 64126 8855 22534 69080 50175 10082 21483 
1756 16
37752 16919 13012 7858 40388 19765 50938 74094 4896 19767 39911 25855 79460 64523 95040 57180 
3252 16
39908 48006 73258 64590 47058 42389 34047 60014 19691 48502 59604 62024 4770 53769 45418 99535 
1314 19
63642 64889 39913 66611 52397 97131 24981 39692 20714 55018 3071 12496 29706 11205 38917 87717 89598 46120 52882 
4277 15
1840 87780 43436 34590 5683 50526 21120 59812 76239 43504 46843 76576 99806 88908 15890 
8750 17
51553 34853 38092 56668 88161 7264 49185 83312 87766 22364 32270 44610 92134 9468 74777 31847 62683 
8858 16
27458 60132 6962 42378 65065 63679 52613 17356 86450 13232 79921 9267 1147 99019 88898 32555 
5604 20
88745 9206 98615 83808 9978 26363 26512 42354 3229 21085 83291 89538 19539 63689 63423 74267 60539 98019 95456 75707 
4154 13
2105 3619 50924 26091 32941 51548 816 66068 1117 59035 63752 35994 89968 
7562 11
29837 94315 34662 10861 445 58328 23574 71421 79236 78604 69906 
8177 19
86465 62193 37076 27778 18057 61129 12332 45970 34772 72882 12082 15824 87722 47292 19949 68303 41349 30779 42461 
5889 15
52847 67023 24905 60145 46453 50516 53887 41564 25503 53753 52052 196 92496 21957 56880 
2144 12
7776 62673 39234 65933 40437 18220 2623 37470 36485 59023 83373 8888 
1094 18
67254 66739 8740 68387 59657 30743 16182 2411 41272 71580 2012 2975 47668 34239 69908 29762 23611 62567 
3955 15
87897 21941 21980 96437 76480 13169 6022 48803 88248 62354 77965 9607 38251 20670 48400 
1504 19
89495 53279 27272 73289 60114 6788 33029 48312 55493 5201 87612 81801 76629 36228 10783 25159 95023 12996 39026 
9575 15
6882 88866 8687 46723 38374 64191 96219 56036 7161 12528 60167 67740 54694 89054 89330 
5311 17
88308 47594 27 85283 73422 52285 82953 37385 71301 41168 81510 56186 66267 5980 26765 40337 31674 
1201 20
78818 16196 58677 48464 28933 91106 33588 99331 63192 4850 34078 8851 93111 8585 6471 84256 26759 66837 33482 99899 
2250 13
38008 10297 87671 68845 14779 19243 52198 54812 3417 3737 95542 84817 70257 
5992 17
79453 72864 48718 35818 96542 76410 93708 70214 9899 33392 56265 25656 84303 60611 43879 97239 10937 
7056 13
82737 87270 31978 35195 59871 13906 26790 34265 98579 34090 44962 21399 11513 
2810 14
36956 88796 45996 89705 31727 96518 6405 87619 20616 97101 51528 19061 19048 22565 
3355 14
39247 3972 74434 17052 85455 28338 82099 53909 16639 66233 2186 67063 28985 5956 
8518 12
85977 38231 56852 92374 97852 41806 36836 11461 22438 97315 1534 48724 
806 13
68168 71891 61355 43442 81762 91541 93536 43249 77280 59283 25022 2074 82846 
3050 15
7507 17096 20053 89911 80440 31709 57053 55851 41617 50044 77035 63291 69020 14042 20139 
3112 10
43657 28722 88931 31194 91109 88333 34679 14404 45668 85324 
5420 16
70074 8032 61732 46153 60166 41558 87071 55451 59936 29580 49151 61901 9063 58036 91044 30188 
1952 13
12985 71355 91043 57365 31511 33240 63474 61733 90973 42604 80224 96773 41925 
7005 16
42667 38045 95367 68978 99895 57825 22817 93059 99761 62622 47204 86192 31766 77842 87675 17223 
4496 12
65932 51627 92646 61278 53580 54582 15628 93963 95947 86869 2210 94856 
8683 15
94313 22774 76224 70123 94739 58644 87996 54414 15613 5972 16759 17992 44385 60422 25176 
7159 17
78410 34573 84649 89347 1623 72887 39578 7829 53138 130 79578 18427 99647 66644 38087 4463 84160 
6358 14
34072 57792 24699 72205 80031 59815 76175 28890 31301 24049 95859 61447 8841 31332 
6783 13
79679 38845 16383 95095 33737 57165 2324 44717 67583 48392 51427 16770 82698 
1634 14
75776 5282 2981 36241 90605 69902 18305 15323 87092 24468 48779 774 57740 42058 
438 18
66969 35391 83889 99274 35054 32649 42082 15813 11330 66175 69232 60434 89610 38629 79345 26861 63712 27092 
7989 14
22925 6800 31099 46874 12877 34694 46347 25304 39418 86559 92114 95793 33147 4181 
26 10
18513 31193 57812 28825 89591 79353 55793 38644 21296 33647 
4284 16
20698 79590 23103 39219 74488 33387 94524 79501 99442 4492 84059 55489 91306 76024 95026 40266 
6031 17
64514 89846 68286 76663 55313 94439 12241 32328 99007 89317 13299 69625 93202 25933 28934 23922 83325 
5095 15
17113 95402 42635 10740 2442 9341 73565 35594 35743 72588 34202 57603 23429 49580 54888 
9132 17
38312 35203 22186 51747 59590 52541 75591 1267 16434 86824 99301 88197 56998 54837 57931 3276 86032 
2049 17
8173 58646 3273 98753 8094 35266 22890 32306 13156 49714 9086 60204 13521 75571 79668 8782 20983 
9097 16
9902 9544 68480 96626 79677 98423 66826 95707 3683 69480 94747 3785 16676 70185 19818 85560 
5532 14
77124 9624 58431 75618 36759 45150 76154 20449 84803 81458 4594 70554 56444 99553 
9061 10
97758 6623 14719 47228 34454 40717 6237 97493 42091 36314 
3759 11
9966 98039 70881 28921 78461 27828 98176 39390 40220 81319 20398 
9050 19
17366 88577 88542 66215 74653 1448 49814 23599 69708 48854 71952 36869 6413 15685 3889 77321 8051 58266 78140 
3245 13
16918 34803 16529 13640 17762 59501 25424 44312 92454 53768 23154 38197 12848 
5896 11
50877 1633 60851 25352 6549 53833 25822 96973 5847 91507 88504 
2882 10
16292 6626 78934 24478 48828 34255 54090 7897 83698 65860 
9783 15
93885 99054 49852 41426 22658 59326 39361 58707 17646 99879 60789 72661 87201 31438 69770 
8860 15
14415 20279 84585 33211 7541 22107 41353 88729 46033 65666 78009 86828 8608 17304 20185 
1364 20
46785 61473 9703 53457 22118 67215 6637 5480 50191 16602 35016 83629 13278 36175 7442 78179 43337 18075 95115 31631 
3965 10
51842 87327 3106 14839 25041 91966 84885 78890 21025 5330 
3764 19
51167 83190 60792 85103 69583 56429 71135 95518 6181 86064 60695 26712 89748 84960 69806 33508 6290 76664 4642 
2339 16
95783 69216 65811 86162 55998 93801 48621 82212 88562 13989 73062 98479 16402 31604 63521 676 
6470 17
52430 20950 95501 50052 35795 18006 97803 64147 52709 81962 1076 22269 90831 1969 97384 55265 28558 
8931 17
44975 46470 5681 95780 19568 30542 85129 9389 68618 14462 48430 99045 14270 73278 51296 64479 79669 
8838 19
49997 49823 86787 68940 59702 2151 83446 46113 65952 4993 1276 7292 22781 90146 44964 13303 68477 2611 85036 
1948 15
51547 21221 44912 85158 44627 62011 21302 39560 47299 87494 27621 80843 99273 14595 55184 
5771 17
86501 33122 1209 28069 24242 99914 64988 59863 66534 3612 93974 75809 79899 54432 93188 49265 61655 
5272 16
37152 6228 26000 54677 14946 18631 83652 52185 49264 37339 38740 37519 79790 8396 50995 82744 
5426 16
72585 5925 19950 48107 28081 75702 89167 80817 72459 51907 8856 68419 55517 80783 45328 94840 
3698 11
91786 32312 3504 64709 18098 68347 32386 8503 82055 29770 24081 
5300 16
95188 31632 38344 68359 29553 66943 34016 1720 35042 64788 79246 7991 74157 66613 1074 48327 
9463 12
43157 30440 69491 12448 71472 42681 77451 21219 20179 33674 5247 4551 
2914 13
97016 82437 82621 89081 17569 20876 43276 16569 47529 24207 51727 15852 69945 
7869 16
23714 62892 38105 42863 62230 42010 48235 2088 29222 52757 5620 31536 19458 79648 17469 81064 
4556 17
32157 40510 57800 36222 37414 43049 15115 45034 972 64985 74165 54089 33926 76785 91644 64604 56560 
2778 16
53630 5212 64301 10732 12271 13424 6688 95289 7237 11107 75312 92159 5981 61039 95839 66600 
5193 14
57071 69331 45002 31968 60938 74255 32326 84756 55715 89721 78377 21798 78706 36532 
679 18
8937 76598 98826 5008 10728 38913 39950 5442 1380 85535 63537 90947 38440 56499 66304 28064 42288 93904 
7358 19
8226 41726 81897 46729 65508 65619 36550 63957 45114 59605 34271 81543 47834 46203 30585 67570 34122 51487 88944 
9934 13
62769 40644 85896 76048 33290 31611 48939 61475 13865 42785 12599 50954 74498 
4430 16
44228 62452 52219 68883 55012 1557 92534 11400 12679 37523 3216 58755 80658 73238 80369 93730 
7492 17
80355 37917 75856 94452 5958 36600 95147 59222 3343 6564 47924 80328 8586 55292 56726 46627 74579 
9564 16
78145 32607 38194 65091 4400 3879 47827 70424 56167 77329 94564 87438 92259 89514 36491 69604 
3994 14
32726 61624 43095 82658 62151 33450 12687 91208 34932 62438 55415 50405 98755 89216 
783 16
41389 593 99401 80409 50900 89896 63943 68715 92020 99706 2958 18165 14838 55062 85759 42106 
4166 13
69496 76300 7037 30460 528 80654 54322 32465 30910 2875 855 52657 87852 
7470 11
84931 30834 25892 47689 89688 60595 58776 24953 99819 97382 14340 
8016 13
54978 38343 44300 24510 52708 60319 6215 6537 19324 3835 29307 51612 36586 
8409 16
82810 70955 19868 16772 56398 36205 10599 64630 30021 69191 38887 98392 38604 65606 59291 86197 
1342 11
57895 74766 19315 46270 67961 86196 6330 14075 88043 56297 34616 
4313 12
27686 59 53735 48231 11128 99308 30755 21468 78749 45976 85470 4332 
6079 13
81771 15659 16853 77000 76709 22024 26665 61223 97034 72673 49 49798 10997 
1216 19
36268 7427 73950 66396 69919 99548 78316 69128 58335 59090 3448 68040 92671 43911 51366 44309 2649 18980 64317 
2973 16
34945 69762 98433 33853 14497 14362 37616 34494 48717 78862 12163 33642 18578 27393 61101 75883 
2434 16
65033 92955 87770 82765 93848 29508 73924 87879 42422 66377 26434 88569 20481 33774 43721 38988 
7143 13
45165 61091 34953 71568 81037 20580 33208 90787 82181 55892 4712 46194 35678 
1955 14
47635 63577 12622 13105 59067 18445 29199 33254 43861 83997 82553 34815 23107 83672 
7772 11
57253 50607 28204 84743 77984 6211 13011 39201 36483 17269 15105 
7201 19
75421 1870 46664 97303 33173 98275 95419 7886 71207 2668 71365 81726 17893 5891 54759 23777 22662 76802 38846 
1108 14
66781 41915 15072 74520 42741 74025 35989 67162 54067 94460 96168 52410 30552 45612 
2252 18
94128 20491 48674 68416 43402 5275 98399 61904 98116 45813 45591 37181 66032 14864 12246 28909 75086 6297 
2395 9
84645 65485 32028 55498 29566 48699 37167 56459 78730 
4001 13
13030 21650 90042 65591 79390 31140 8528 97667 81051 13888 89416 29890 45852 
18 13
52395 35169 98878 80302 64396 52255 56601 55842 73308 69057 29586 74997 74125 
3491 18
83403 16186 36976 24849 92693 52272 84838 24919 87251 81078 49651 52810 19591 751 55230 74566 39672 77477 
6665 15
94640 35658 78328 60207 88816 50515 21582 31325 96148 67942 14148 49364 20270 15422 90309 
7078 18
6535 33797 18627 83541 64421 29359 2187 26141 51012 73397 74044 43578 94088 37913 13571 61642 64525 65959 
2584 16
21542 92996 26763 64662 18825 25590 66643 12255 98378 65610 96394 32934 58261 26296 87498 16831 
5305 18
43610 41062 40781 82840 47738 99155 86953 23882 23796 69757 19571 11876 70001 43830 77186 36309 89914 6778 
965 17
11146 46573 59425 35736 2703 96799 54433 48933 60949 8982 83181 77830 25266 66258 64067 94083 92841 
1017 11
55008 79830 60424 9129 24481 25215 67389 30801 90161 21261 2614 
8993 19
44224 33743 64519 98136 187 39834 56391 847 92714 79606 87988 80539 61528 3099 76163 77108 66780 20746 4825 
4614 12
4248 59414 38614 92694 6797 80231 11040 96201 44479 90052 32798 76366 
8285 13
57228 15191 77979 45320 34260 72167 80043 3807 13554 21592 93030 96181 51240 
76 17
19617 36898 1634 71229 77142 98446 66622 54818 42055 21821 7302 95928 67143 99304 91509 81635 46769 
7984 19
44930 27980 57104 6981 7690 38861 57279 91557 40900 55615 78896 88120 97991 96995 83098 98660 59248 60574 56008 
8856 18
9159 40028 52675 51397 10002 93358 30784 73870 22168 24370 84352 92966 89133 11143 48490 11056 22229 38140 
8862 17
64911 61951 22413 40222 51933 80888 95974 13733 95484 85213 21263 61649 10058 95183 4895 92624 48111 
7882 18
54913 74373 96887 20779 19528 28478 41924 59705 89172 9650 52830 13054 35166 14164 75740 26343 16120 70924 
4363 9
54 63050 48431 60105 33321 3564 9418 31016 58780 
3094 10
62188 10417 96483 41836 91141 19811 94442 70804 72753 26457 
7305 11
23444 89141 17735 27769 569 31000 71052 41276 95997 16103 80227 
5076 17
53659 5897 95265 71239 31972 58890 75343 86919 88867 54394 6149 69382 91725 61896 10279 86242 4276 
5547 12
3379 49370 50578 77720 71951 9153 79694 89992 77659 83536 5500 35887 
2881 10
13893 25536 80716 5967 17468 76033 43130 90360 92110 20498 
6076 15
18577 66935 8076 73316 90393 12702 50101 10124 20059 98737 19881 88709 20161 16963 31939 
9208 11
34691 60684 23102 83127 68199 76851 91296 39015 497 88985 28476 
3529 9
92291 71227 75927 1810 25057 36293 80431 31928 65857 
694 11
58055 57748 50489 56320 42094 55401 49859 62376 44731 76704 2487 
8917 14
32911 3456 42526 38007 18745 65614 10177 14901 40941 61097 22365 60134 39083 6604 
3938 11
83826 75092 43547 68684 20791 92820 70893 38662 59885 37595 12180 
4116 13
9338 40454 52495 28986 19149 61807 30546 67788 14922 36488 70766 41152 10414 
6645 11
6841 67775 98520 22571 55235 11090 68788 80150 5018 73926 82989 
3673 12
12276 78163 39660 41913 905 29560 40288 83438 55190 47752 82812 72516 
1464 11
10968 70201 32197 31005 90673 6964 33607 61212 23162 32384 40376 
751 15
51453 15151 91075 275 29854 5449 33695 18471 15535 59538 70627 59492 94239 41058 15713 
7990 10
87856 80523 85600 77378 9040 73836 10398 31814 35875 57971 
6213 18
63457 77424 10865 13393 29136 94635 72552 46054 82724 63817 51875 9811 64840 29045 95472 58212 40932 82901 
3730 10
53438 71144 68549 12766 87049 77932 40837 86078 69943 54628 
4213 13
94775 84254 24738 77531 94145 28342 79678 26825 66911 9895 46208 47974 29636 
9797 17
83705 4103 33849 32109 20576 21164 88882 51079 93826 45942 31216 91869 31556 52045 50621 94156 9823 
4933 20
20954 39705 94648 67725 26933 92209 14509 23819 26349 8786 23748 93439 79794 84850 20475 12876 1839 17651 79686 38428 
5804 17
94485 99751 90819 91571 51893 4467 68128 41712 8105 22763 48473 62136 8102 62289 5917 30618 34521 
4178 17
47125 91807 75232 74890 49630 25652 69147 66912 35827 34756 42297 28486 27491 25170 33825 30797 4458 
822 12
8699 922 83102 22919 99608 80095 77822 36123 77812 13934 9044 44944 
87 14
5534 2467 57561 34907 27257 41079 50480 85988 78681 50554 25699 44709 28830 98047 
5348 17
2519 30289 22038 37958 21795 43951 27669 16521 30371 60666 44592 63951 6144 42335 75228 70428 9820 
2048 14
80104 77279 57514 87487 84690 33546 94491 37639 88053 23749 16870 17338 38420 4696 
3173 11
86738 13293 8710 75369 1244 16449 65043 33767 68142 48593 55754 
5752 17
43691 17600 78501 67987 49030 74346 68601 36865 83835 72565 26997 60909 99666 44716 7877 53650 23046 
6459 18
81297 19844 61506 81837 73898 41535 53526 18836 50834 31750 57409 62132 98174 39579 85041 13996 75329 75475 
461 17
39768 37561 43121 42774 47063 88031 33194 79697 47118 8756 47155 47097 32445 50918 19242 50539 83538 
8390 20
70232 32568 42303 48266 60519 49743 87760 1030 90866 56049 52167 83316 17788 27709 65036 18962 9561 93150 90497 44742 
2115 18
57393 56546 631 52372 56731 70698 30329 99970 67550 40196 44940 50089 82299 3811 72783 36470 54155 99988 
5850 19
31379 77873 92879 61219 59172 74062 89722 84580 10978 93765 47391 59268 29926 90104 17739 95232 37964 27306 83442 
2380 11
42369 37395 29106 12664 65802 90457 11550 83028 6118 96137 75099 
7491 17
32661 60681 24104 14389 29611 39743 21049 67568 89044 70505 75423 25513 39338 43424 48935 8221 69142 
8968 14
60608 71536 81421 35884 21223 91342 33185 41061 68996 61449 36781 88607 4365 59174 
6219 17
8084 93785 33899 67009 87990 91854 62356 97494 79843 63692 71785 35430 60243 22313 47762 43379 34281 
4252 17
73224 19213 86957 72729 62340 26067 73659 92372 73169 87121 48475 58654 28200 41155 69466 51077 34069 
969 13
16352 11375 3560 94144 29407 51351 77890 64681 38137 24281 90538 7644 4938 
9367 15
49908 90301 10106 32324 43507 82428 36361 49525 23025 31744 69960 94991 55924 65640 19891 
973 14
91042 56535 18062 83999 67173 94639 50798 92793 46139 6862 60779 92156 34780 64268 
6038 12
13308 29502 82626 27151 87232 12651 55969 5541 22669 13630 8411 59852 
5687 15
80350 56915 24711 77519 93903 11163 16767 99532 26971 1309 71188 40386 20019 82885 17174 
5151 14
64637 56578 21004 31472 50095 83562 17298 49904 83103 11036 22371 90489 35564 17021 
1283 17
78912 89194 18163 45905 65797 29280 99157 21454 30634 38825 18667 43971 61184 34956 96458 87663 9751 
9024 16
1252 80736 8309 87804 26190 88751 81011 38005 35144 75792 23986 61420 41138 77364 53122 37413 
3617 12
48872 74355 19089 84356 91049 65327 44752 69277 40209 23200 28124 96141 
9207 15
1997 99601 31623 71464 26043 98717 55619 66648 16170 9954 81410 92322 20404 52375 5809 
9360 20
24107 21817 50690 10309 87026 56144 78325 80313 5046 30705 90434 65510 73221 34983 24559 82589 8808 53414 61639 79495 
5439 19
96330 74913 60442 21990 49521 86206 69698 75089 24440 17824 11942 80092 20181 10570 92296 86027 62001 838 51725 
2123 15
85609 51924 84055 39376 68382 32089 62090 15956 39169 49792 92894 230 82833 85395 24924 
8388 13
60592 57484 65980 93028 47698 73436 5630 93683 25618 40309 693 70556 97776 
1789 11
69302 77689 77289 39740 20399 97752 84132 88868 30775 79708 13792 
5020 12
72364 56306 61717 28296 24078 84053 23908 97385 71679 34753 70976 11335 
6792 13
29429 7163 71996 28459 74662 5277 3160 52189 2690 37289 56258 60785 17248 
8728 16
71936 33260 69082 50050 87702 32405 56671 10134 73194 74978 35881 72584 47730 18116 81479 15654 
4278 15
99700 1017 60842 89993 71948 25418 25988 86558 71572 67135 84134 4872 20348 54399 95136 
5360 18
33065 91915 18325 82605 56937 43051 56856 54788 20246 20416 31018 55642 66546 76585 22487 73095 1845 59857 
3202 13
40153 53811 77943 85328 40329 14449 78302 9868 62991 91975 34677 33477 22439 
5219 16
22188 22397 30980 48243 90846 11650 65749 94762 15058 27426 2318 89641 50308 4727 86054 68110 
619 17
32558 65213 56635 90525 62088 60621 21046 28694 40418 93396 19497 69605 94035 5153 29412 63639 75448 
7281 18
4425 53518 35664 83800 8971 33026 20628 12771 39968 64213 88047 87511 27077 15340 74003 3009 92440 26693 
3791 12
91840 59721 80437 86576 9819 97158 23402 52820 34366 90794 61984 24097 
5431 16
4729 16571 88962 88528 4593 71875 31610 31394 72096 3516 30082 42919 5736 80405 56204 53309 
6538 10
63790 78623 14933 46525 80291 14029 11118 8287 70242 44112 
7731 17
74564 70586 71930 54980 31608 6507 32855 36559 30295 4279 72130 52336 19993 53230 3217 89097 63158 
4480 14
50994 64869 77628 34933 75179 89707 60374 73664 86208 68225 82241 65132 20847 12704 
9013 17
64716 79910 88859 28809 63012 56101 23750 45327 41657 52400 75957 97195 73728 46927 56551 49605 92583 
8738 16
34438 20614 68221 1081 46844 42857 89237 2052 92795 33701 485 69069 47390 10840 36519 41936 
5088 11
71975 92961 16112 22085 17693 59896 71470 61135 50196 26890 1326 
6246 10
68475 47975 35090 12292 28024 77570 33834 9343 72842 49176 
479 11
65438 31568 15780 90023 95650 77731 9176 95716 4191 98692 15992 
6897 17
56907 83304 28038 71074 14860 10856 3932 87937 54263 43423 14925 48793 75602 16476 73295 54084 37550 
9096 10
22767 38478 95825 41134 37455 83646 30748 85824 91376 35543 
9829 15
56041 83501 86822 88487 64120 77453 75869 3990 21391 97558 32779 67231 47315 51779 70861 
7611 11
53390 47914 18521 77532 38709 31248 30601 72767 71784 11570 56217 
5665 13
70373 83759 72290 74985 44135 3460 9186 23015 22498 28842 35461 90147 72065 
6001 16
73661 15542 9506 95049 18285 2465 51208 16340 23407 79879 79986 93593 50160 49955 68073 44179 
125 17
45043 98081 5506 11494 36357 656 33912 24320 13083 42699 11431 52647 25834 38475 27867 61022 17310 
7828 11
47062 57312 37195 5507 49407 54461 95914 55567 66918 83065 86775 
2782 11
8202 35129 82323 39935 18103 81573 7826 20879 49505 64784 13815 
